0	0	7.571622197588686E-7	3.671466002997241E-7	7.340220688458368E-7	0.04111406891888126	0.15974556792635586	9.348552921396798E-7	9.635766861941322E-7	1.4056542883842427E-6	5.242223951944744E-7	1.1627732644020502E-6	0.777511441859933	0.00825866593361072	3.69142134506973E-7	4.2822803019088286E-7	0.01336197941506678	6.291631723310318E-7
1	1	1.0199107700309697E-6	4.945529003615586E-7	9.887405815027317E-7	3.7708857491713904E-6	2.959712172018792E-6	1.2592664504276993E-6	0.006566285398771883	1.8934409433686166E-6	0.002008819943177713	1.5662759505425372E-6	0.9914032825781066	2.706563006985135E-6	4.972409198860754E-7	5.768306561306251E-7	3.031166031818654E-6	8.474938115264489E-7
2	2	3.523897396299709E-7	1.7087315176244749E-7	3.41620116499754E-7	1.30288010125094E-6	1.022611224750267E-6	4.3508960747370086E-7	0.004857217357874056	6.542034662680665E-7	2.4397756323553916E-7	5.411645710767523E-7	0.9951083859235794	9.351455650327544E-7	2.6857345302919298E-5	1.9930096896445555E-7	1.0472992737348514E-6	2.928178938366819E-7
3	3	1.412558716113075E-6	6.849471841183795E-7	1.3693885459548431E-6	5.222611319514635E-6	4.099149992939241E-6	1.744062179484983E-6	1.7976446938416227E-6	2.6223828462165257E-6	9.779871395979733E-7	2.1692650090458124E-6	0.983921891408118	3.7485427927287943E-6	6.886700445097087E-7	0.004386541732317374	0.011663855884879623	1.1737642208516202E-6
4	4	3.10234245685746E-7	1.50432028471184E-7	3.007529653521274E-7	1.1470198475556764E-6	0.002820086594526056	3.8304093734978546E-7	3.948090364268416E-7	5.759427589911941E-7	2.1479114395925052E-7	4.7642642114420855E-7	0.9877528492302349	7.130293435695707E-5	1.5124966441942653E-7	1.754590977479966E-7	0.009351223293905666	2.577888292465644E-7
5	5	7.40559529557503E-7	3.590959856438553E-7	7.179267847812226E-7	0.5515555909680877	2.1490537389553172E-6	9.14356233426152E-7	9.424478385196743E-7	1.374831774963411E-6	5.127274978040533E-7	1.13727652964758E-6	0.32292158195493836	0.12545430199606694	3.610477627335875E-7	4.188380512203732E-7	5.828155199586267E-5	6.153671838840024E-7
6	6	1.4875029180025084E-6	7.212874929951805E-7	1.442042326985282E-6	0.21594531991914512	4.316633005249872E-6	2.2712592181053768E-4	1.8930198774173195E-6	2.761515037477951E-6	1.0298748698560001E-6	2.2843567450105767E-6	0.27363276544814186	0.510171629099237	7.252078721144687E-7	8.4128661977121E-7	4.420845871784862E-6	1.2360390287832541E-6
7	7	6.990807668837128E-7	3.3898300813003924E-7	6.777156828582065E-7	0.03727201972542577	2.028685171063669E-6	8.631431118716353E-7	8.896613052753554E-7	1.2978274037629387E-6	4.840096144349092E-7	1.0735776352509198E-6	8.871818047180941E-6	0.10868672750731272	0.8540209743241243	3.953789187240251E-7	2.0776620233271E-6	5.809004484511134E-7
8	8	1.3023622684804662E-6	6.315131246029646E-7	9.988701158341385E-5	0.1744714702360472	3.7793673443438546E-6	1.6080045031297822E-6	1.6574069415221656E-6	2.4178056695729044E-6	9.016924642795379E-7	2.000036434513812E-6	0.39826206382692014	0.4271459564084183	6.34945557428008E-7	7.365766730991036E-7	3.870609454609841E-6	1.0821965953641488E-6
9	9	9.849918893460418E-7	4.776207978408783E-7	9.548888805418803E-7	0.15582388957369525	0.003135673318801406	1.2161527033969838E-6	1.2535163481432267E-6	1.8286148425682117E-6	6.819606076549288E-7	1.5126510603621873E-6	0.501188299613945	0.3398384439326249	4.802167871252865E-7	5.570815943021846E-7	2.927387418913068E-6	8.184780033249058E-7
10	10	9.544499982429206E-7	4.6281108970619824E-7	9.252804009995216E-7	0.9885493957288659	0.0029661667328098806	1.178443150827391E-6	0.008457737747155346	1.7719145224992322E-6	6.60814883673949E-7	1.4657479087095626E-6	1.2112630071758082E-5	2.5328481011950433E-6	4.6532658449833007E-7	5.398080252781527E-7	2.8366171813789804E-6	7.93099250141013E-7
11	11	6.577483647396275E-7	3.1894100057417536E-7	6.376464684409426E-7	0.9855838958776273	0.007274102289853713	8.121106991694417E-7	0.007073792430143372	1.2210947475277159E-6	4.553930639973901E-7	1.0101035065734986E-6	5.815682615318152E-5	1.745483471907238E-6	3.2067452521043885E-7	3.720025633125575E-7	1.9548224798356482E-6	5.465553311507332E-7
12	12	1.5796769676012681E-6	7.659825240769216E-7	1.5313993826000315E-6	0.8371399162757753	4.584115871945581E-6	1.9504002372219653E-6	2.010322039289252E-6	2.9326340456840137E-6	1.0936917109430056E-6	2.425908340888193E-6	0.16270972182300417	4.192028723616892E-6	7.701458319427782E-7	8.934174718717862E-7	1.2431954711180477E-4	1.3126309610519063E-6
13	13	6.558536340215852E-7	3.1802224905242847E-7	6.358096438804064E-7	0.8093109036016628	1.9032429509666823E-6	8.097713074344637E-7	8.346497683153796E-7	1.2175772234230428E-6	4.540812443511628E-7	1.0071937705028287E-6	0.18804403360622654	0.0025843756744101357	3.197507800428619E-7	3.709309609769473E-7	5.161525326092839E-5	5.449809065978861E-7
14	14	1.7484692629393656E-6	8.47829604891262E-7	1.6950331014994837E-6	0.8012009496812417	5.073939713142973E-6	2.1588052083779184E-6	2.2251297995718267E-6	3.245993069148995E-6	1.2105553090510705E-6	2.685122500198333E-6	0.19876502884067643	4.639957107010993E-6	8.524377722475651E-7	9.888812843254115E-7	5.1964356032242626E-6	1.4528887462776065E-6
15	15	6.462566245862435E-7	3.133686764159699E-7	6.265059351946958E-7	0.7927702032358406	1.8753930777469912E-6	7.979220433993394E-7	8.224364614337641E-7	1.199760595603514E-6	4.4743674051617094E-7	9.924556527013576E-7	0.20721722199029602	1.7149875504021732E-6	3.1507191406751804E-7	3.655031829671986E-7	1.92066912699051E-6	5.370062814202678E-7
16	16	6.333317855247656E-7	3.0710144517145026E-7	6.139761009533271E-7	2.341598769919933E-6	0.10282923962548574	7.819639648246791E-7	0.35020868262114224	1.1757659284379648E-6	4.384882088627179E-7	9.726069902678676E-7	0.5449357139867247	1.680688578077398E-6	0.0020146515285738606	3.581932852631194E-7	1.882256616522869E-6	5.262663996174262E-7
17	17	3.3467088477177084E-7	1.6228131086940323E-7	3.2444277964750437E-7	1.2373687062939145E-6	0.10426512321034392	4.132124392756911E-7	0.35625739842027243	6.213088187714986E-7	2.3170988757572214E-7	5.139537433739427E-7	0.5394711261197304	8.881245917334069E-7	1.6316335065071325E-7	1.8927972105329905E-7	9.946389895736495E-7	2.780944295093036E-7
18	18	1.0877957497308913E-6	5.274702050788745E-7	1.0545508820467327E-6	4.021874865136359E-6	0.16294267989709216	1.3430828782329288E-6	0.03377550189258203	2.0194678506045075E-6	7.531370141366826E-7	1.6705268460437456E-6	0.8021079086587177	2.886711094626337E-6	0.0011537928875035147	6.152243455908619E-7	3.2329196073111974E-6	9.039027659975692E-7
19	19	3.5395770152929215E-7	1.7163345367095874E-7	3.431401588462643E-7	1.3086772801367111E-6	0.1566452454548696	4.3702554331571985E-7	0.026000603043700807	6.571143515582833E-7	2.450631440014385E-7	5.435724885989874E-7	0.8172670203336175	9.39306505183368E-7	8.058540939119438E-5	2.001877607483543E-7	1.051959243006736E-6	2.9412079017372487E-7
20	20	9.394438552151702E-7	4.555346379069992E-7	9.107328709416514E-7	1.4575657714423093E-4	0.8313634598611314	1.1599153217070143E-6	1.195551195306547E-6	1.744055962274473E-6	6.504253581068342E-7	1.442702989854501E-6	0.1684752301930604	2.4930259198926497E-6	4.580105833516474E-7	5.313210050573304E-7	2.7920190534339757E-6	7.806299109354734E-7
21	21	3.1119930739750256E-7	1.5089998516171154E-7	3.016885331548277E-7	1.1505879415133698E-6	0.8274372929152732	3.842324826024849E-7	3.960371893139249E-7	5.777343739163526E-7	2.1545930587864559E-7	4.779084654507589E-7	0.17255640430218722	8.258374731898359E-7	1.5172016457238217E-7	1.7600490743719344E-7	9.248816635990205E-7	2.585907462891994E-7
22	22	4.699471535255602E-7	2.278765305965611E-7	4.555847781059383E-7	0.6764556966661557	0.009360969776312865	5.80235743457012E-7	3.618591781846409E-5	8.724461078862942E-7	3.25368614554555E-7	7.216973741444615E-7	0.31410437743318503	3.683496624238608E-5	2.2911509691166087E-7	2.6578788348968716E-7	1.3966788962070568E-6	3.9050210671399083E-7
23	23	6.575518505892574E-7	3.1884571121565166E-7	6.374559600935266E-7	0.743586139038825	0.012948520643564705	8.118680664962051E-7	8.368109457355085E-7	1.2207299235164439E-6	4.5525700713149224E-7	1.0098017199891126E-6	0.24345445393383003	1.744961977335978E-6	3.2057871793026106E-7	3.718914208581117E-7	1.9542384414718256E-6	5.463920379184135E-7
24	24	1.7319579865414736E-6	8.398233166244945E-7	1.6790264374787591E-6	0.008793895700355986	0.044598269941959354	0.01797059258551426	2.2041172865579275E-6	3.215340263356881E-6	1.1991237021441945E-6	2.6597661495305254E-6	0.3698835910541447	0.04958179084827774	8.443879677883654E-7	9.795430062348086E-7	0.5091550676149137	1.4391687180371053E-6
25	25	7.687101901455307E-7	3.727461903970418E-7	7.452171138348587E-7	2.8421293180133705E-6	0.0344057535628736	0.012109126348748904	9.78272817019296E-7	1.4270928304463592E-6	5.322176497617966E-7	1.1805074709872567E-6	0.4260080295427323	0.03719975751011827	3.747721597862498E-7	4.3475921265394587E-7	0.4902670378516273	6.387589465163456E-7
26	26	7.237954893039166E-7	3.5096713263749145E-7	7.016750817933592E-7	2.6760675307387875E-6	2.761560006035793E-4	8.936579585522432E-7	9.211136542019197E-7	1.3437097188727038E-6	5.011208894636762E-7	1.1115320097791192E-6	0.5915307816638122	1.9207543968902304E-6	3.5287472736457437E-7	4.093568175448205E-7	0.4081805542730553	6.01437121776056E-7
27	27	1.6015172145563198E-6	7.765728205946313E-7	1.5525721548748507E-6	0.9972803829064402	4.647494793565167E-6	1.9773660180213165E-6	2.0381162850102183E-6	2.973179963045707E-6	1.108812838584665E-6	2.4594483863164503E-6	0.00268845498853018	4.249986739365827E-6	7.807936893883264E-7	9.057696543874732E-7	4.7596953800071525E-6	1.3307790919281532E-6
28	28	1.196836852258839E-6	5.803440398283411E-7	1.1602595050843229E-6	0.9055216343160146	3.4731397134315787E-6	1.4777140696722762E-6	1.5231136180855128E-6	2.2219001555699724E-6	8.286317845440746E-7	1.8379811582528242E-6	0.09445507779462992	3.176076226376103E-6	5.834983557950559E-7	6.768946922178447E-7	3.5569888256848147E-6	9.945103586516312E-7
29	29	9.795848537101979E-7	4.749989359735077E-7	9.496470930092043E-7	0.15400414873932136	2.8426890863828054E-6	1.2094767286229568E-6	1.2466352685751268E-6	1.8185768049712082E-6	6.782170384461711E-7	1.5043474811383975E-6	0.06047024926952216	2.599549102883245E-6	0.7673325829585252	5.540235386318334E-7	0.018177347301666338	8.139850325918469E-7
30	30	1.457619775737369E-6	7.067972109887526E-7	1.4130724638084614E-6	0.9268804593364953	4.22991414464051E-6	1.7996983020487953E-6	1.8549901151741888E-6	2.706037669512118E-6	1.009185231618163E-6	3.333835420901179E-4	0.07264965172620577	1.1424981475199018E-4	7.106388317771917E-7	8.243856191478693E-7	4.332033430128476E-6	1.2112076622727298E-6
31	31	1.2022852054969952E-6	5.829859365268557E-7	1.1655413474838922E-6	4.445173324045348E-6	3.4889504665584815E-6	1.4844410585859052E-6	1.530047279091617E-6	2.232014898347663E-6	0.04142670793047505	1.8463481888772046E-6	1.5257830123884928E-5	3.1905346591691337E-6	5.861546118672638E-7	6.799761158732706E-7	0.9585346007486468	9.990376622040853E-7
32	32	7.061839265928327E-7	3.424273175138591E-7	6.846017580597545E-7	0.8713105719740208	2.049298060807188E-6	8.719132621402247E-7	8.987008993219274E-7	1.311014256785508E-6	4.889274976823718E-7	2.684716954948627E-4	0.12840829998524633	1.8740181474754202E-6	3.4428849619571953E-7	3.993962508240556E-7	2.09877255285726E-6	5.868028117486206E-7
33	33	1.0602830921151534E-6	5.141293668209311E-7	1.027879057521491E-6	0.8637899426096115	3.0768699240460535E-6	1.309113468637861E-6	0.003935678678767979	1.968391233001049E-6	7.340885844909445E-7	1.6282756852311847E-6	0.08608694671544306	2.8137000592351297E-6	5.169237893693214E-7	5.996640193243773E-7	0.04617130163674638	8.810411512827095E-7
34	34	7.424331544277822E-7	3.6000450297793344E-7	7.197431485242014E-7	0.8218070290131806	2.154490871788216E-6	9.166695661305001E-7	0.0011816173344517556	2.2626831053719726E-4	5.140247047850178E-7	1.140153853488927E-6	0.12898383723104828	1.9702136402309983E-6	3.619612180881091E-7	4.1989771672741847E-7	0.04779133159433445	6.169240705542309E-7
35	35	3.237737957243447E-7	1.5699733196432792E-7	3.1387872396926894E-7	0.33396814364054417	9.395696881963221E-7	3.9975798909439715E-7	4.120396832001413E-7	6.010786229816219E-7	0.03410550444328339	0.003531166061678139	0.5538042279926225	8.592067109087042E-7	1.5785065198996855E-7	1.8311665737180682E-7	0.07458634155251172	2.690395045073195E-7
36	36	1.3173028699056447E-6	6.387577953968065E-7	1.2770438786190823E-6	0.99995765061542	3.822723960623179E-6	1.626451409150167E-6	1.6764205885786784E-6	2.4455425533162984E-6	9.120366120200938E-7	2.022980701195287E-6	1.671748377076461E-5	3.4957599443466093E-6	6.42229604831568E-7	7.450266249736291E-7	3.915012793476012E-6	1.0946114728420458E-6
37	37	2.9272525449579686E-7	1.4194195009390458E-7	2.8377907838145563E-7	1.0822843752961356E-6	0.07612339091361778	3.6142288424728946E-7	3.725268156964063E-7	5.434377185795478E-7	2.0266876772400046E-7	4.495378808670569E-7	3.714885773897193E-6	7.768124117412498E-7	1.4271344032866305E-7	0.9238671311333425	8.699769373512814E-7	2.432397509197394E-7
38	38	5.822050142956095E-7	2.823101656394836E-7	5.644118498434598E-7	0.9998490164098309	1.6895196305935335E-6	7.188386114904718E-7	7.409233632116914E-7	1.0808502507217803E-6	4.030905123415633E-7	8.940916587720684E-7	1.396551238626549E-4	1.5450121721196255E-6	2.838445924655193E-7	3.2927753119861534E-7	1.7303082923947927E-6	4.8378266134028E-7
39	39	1.3724787288469075E-6	6.655124702871531E-7	1.3305334705103813E-6	0.8027927261739334	0.09271327664692706	1.6945761020937993E-6	1.7466382644334888E-6	2.5479752694663064E-6	0.00322291000002879	2.10771421264512E-6	0.1012493147521893	3.642181516779379E-6	6.691296981158313E-7	7.76232420471497E-7	4.078994971440556E-6	1.1404597964134859E-6
40	40	3.81220216118843E-7	1.848529980248264E-7	3.6956948513691687E-7	1.409474164308444E-6	1.1062753203717157E-6	4.7068610557831333E-7	4.851469116816075E-7	7.077265843729956E-7	0.9999865987849014	5.85439505016151E-7	4.8379479933195786E-6	1.0116537296991268E-6	1.8585772060858424E-7	2.1560661369171898E-7	1.132983201762753E-6	3.167745487967388E-7
41	41	6.289278821106606E-7	3.049660003165128E-7	6.097067882345174E-7	0.8226166619730262	0.0741571355609877	7.765265403133779E-7	8.003836280847211E-7	1.167590182794398E-6	4.354391597478762E-7	9.658439201947712E-7	0.10321578997868401	1.6690018281996703E-6	3.0662356730796164E-7	3.557025708099158E-7	1.8691682534733832E-6	5.226069805783459E-7
42	42	1.6271715699854936E-6	7.890125714603065E-7	1.577442470053843E-6	0.8880626562761297	0.028715308477682354	2.0090410135685494E-6	2.070764425852166E-6	3.0208066852773524E-6	1.1265746699324239E-6	2.4988457543177363E-6	0.08319509590418572	4.3180663512426E-6	7.933010534318488E-7	9.202789811929634E-7	4.8359399035773395E-6	1.3520965523411503E-6
43	43	4.2116055878774075E-7	2.042199984416747E-7	4.0828918375787094E-7	1.5571444050909736E-6	1.222179497310791E-6	5.199997661645248E-7	5.359756271537171E-7	7.818749141324383E-7	0.9998257278643571	6.467758493483349E-7	1.6481169727534822E-4	1.1176444272487427E-6	2.053299855486287E-7	2.3819566240534586E-7	1.25168555647314E-6	3.499629356995546E-7
44	44	7.92182646562203E-7	3.841279423508163E-7	7.679722125049251E-7	0.9195880696507946	0.017699318660756608	9.780944164326404E-7	1.0081442384671549E-6	6.146056653508329E-5	5.484688400651963E-7	1.2165540988549824E-6	0.06245953677584242	2.1022351258196177E-6	3.8621577442741843E-7	4.4803452342982435E-7	1.823240528921343E-4	6.582633601758368E-7
45	45	1.3347453463532871E-6	6.472156208950192E-7	1.293953283649844E-6	0.34184645801578667	3.873340849246357E-6	1.647987337633621E-6	1.6986181615899032E-6	2.47792411063499E-6	9.241129366740343E-7	2.049767094849133E-6	0.65812757069006	3.542047485267434E-6	6.50733400740747E-7	7.548915616224803E-7	3.966851683379376E-6	1.1091052808117606E-6
46	46	4.2155045413160136E-7	2.044090579935587E-7	4.08667163244255E-7	0.11463669783672417	0.0063219578059772255	5.204811633025182E-7	5.364718141709714E-7	7.825987458924187E-7	0.8774331622166099	6.473746112383568E-7	3.727266807486634E-5	1.1186791023843497E-6	2.0552007268677574E-7	2.3841617540866924E-7	0.0015654750173345446	3.502869188368783E-7
47	47	6.991918115589876E-7	3.390368534936147E-7	6.77823333821438E-7	0.24149817374689372	2.029007415211595E-6	5.381122773839443E-5	8.898026224956666E-7	1.298033555654738E-6	4.840864963819043E-7	1.0737481664477946E-6	0.7584352735260234	1.855462994958877E-6	3.4087960414992537E-7	3.9544172223074427E-7	2.077992047146436E-6	5.809927209104929E-7
48	48	8.496792561168098E-7	4.1200794504489847E-7	8.23711628967535E-7	0.08326423074508649	2.4657118157154397E-6	0.005084222230442438	6.542527921115347E-5	1.5774100436391165E-6	5.882767036771399E-7	1.3048515847030633E-6	0.9115717192012255	2.2548153328536522E-6	4.142473119553485E-7	4.805528652193351E-7	2.5252394373715753E-6	7.060401090965312E-7
49	49	5.788870939366386E-7	2.807013120172713E-7	5.611953307110959E-7	2.1403020313616512E-6	1.6798912497971068E-6	7.147420317542697E-7	7.367009249796685E-7	1.0746906077028906E-6	0.9669699453713524	8.889963317917348E-7	0.031263547641665154	1.5362073229430247E-6	0.0017537857986291128	3.274010158858138E-7	1.7204474616398762E-6	4.810256388104757E-7
50	50	7.17386208546615E-7	3.4785928391102024E-7	6.954616794358215E-7	2.65237068766161E-6	2.081806326458691E-6	8.857445288030931E-7	9.129571015480177E-7	1.3318110362035809E-6	4.966834143462088E-7	1.101689283723651E-6	0.03494056851863493	1.90374592643495E-6	0.9650431700569906	4.0573192237438576E-7	2.132065638424078E-6	5.961113364840901E-7
51	51	1.5034220502934963E-6	7.290066516481559E-7	0.005124715460458324	0.09461505602345646	2.3206318416376967E-4	1.8562495900600574E-6	1.9132788184206374E-6	2.7910685413219614E-6	1.0408965049049027E-6	2.3088037405650233E-6	0.9000047322535065	3.98966912084531E-6	7.32968986338136E-7	8.502899990807176E-7	4.468157395963594E-6	1.2492670154835744E-6
52	52	5.468138921594284E-7	2.651490740873599E-7	5.301023399243723E-7	0.09909320954504905	0.010395188214562515	6.751417959859854E-7	6.958840581608749E-7	1.0151474445023994E-6	3.785874160027662E-7	8.39741547866846E-7	0.8897157825870697	1.4510938561608955E-6	2.665902260602496E-7	7.87075901041209E-4	1.6251261819598968E-6	4.543744445876719E-7
53	53	5.180471674615216E-7	2.5120014095390516E-7	5.022147747162181E-7	0.03648613387977858	0.13314928576244595	6.396240111314692E-7	6.592750666743536E-7	9.617426801346537E-7	3.586707311372174E-7	7.955645174891382E-7	0.8303560036040545	1.3747548712346788E-6	2.525654769633631E-7	2.92991795257116E-7	1.539631723706136E-6	4.3047076411313314E-7
54	54	1.875089454356639E-6	9.092275082665218E-7	1.8177835669035312E-6	0.20746245673347014	0.026700608060540965	0.4893190405184185	2.3862686695090758E-6	3.481060549296652E-6	0.002983205137101046	2.879573001651461E-6	0.2735072590588003	4.97597231157341E-6	9.141693886855052E-7	1.0604938314626414E-6	5.572749722502324E-6	1.5581036648701175E-6
55	55	5.313248305461302E-7	2.576384559334767E-7	5.150866500851531E-7	0.20862471613717798	0.02478680995717946	0.42328153311191785	6.76172431943772E-7	9.863923570038255E-7	0.0028571114256787083	8.15955011422443E-7	0.34044205667149324	1.4099901415935968E-6	2.590387858057902E-7	3.0050123954776066E-7	1.5790928241343389E-6	4.415038246772423E-7
56	56	7.342185139328981E-7	3.5602123855760663E-7	7.117795612591105E-7	0.1834841240228015	0.09646887166501043	0.39921197308013767	9.343781611596391E-7	1.3630598249468398E-6	4.453117540583518E-4	1.1275386382881902E-6	0.30269804285382107	0.017682884230935867	3.579563036228118E-7	4.1525176474242534E-7	2.182091105183832E-6	6.100981234342514E-7
57	57	1.2861263003291487E-6	6.236403328104354E-7	1.246820117444966E-6	0.2524524519465763	3.732251661311598E-6	0.29150465759274724	1.6367447901626032E-6	2.3876639672237864E-6	8.904514674489043E-7	1.975102874445208E-6	0.456019453147565	3.41302589311399E-6	6.27029975029994E-7	7.273941010184539E-7	3.8223562969807006E-6	1.0687053342296435E-6
58	58	5.872799433845744E-7	2.8477098963882295E-7	5.693316805639022E-7	0.2237466271800951	1.7042467320597586E-6	0.22218862043623666	7.473817987049103E-7	1.0902717401344736E-6	4.0660414708592033E-7	9.018852223036243E-7	0.554054050274619	1.5584796398029486E-6	2.863187916628441E-7	3.3214775745979615E-7	1.745390937975535E-6	4.879996684777796E-7
59	59	1.6775522581637843E-7	8.134420766610686E-8	1.626283439665722E-7	6.202364059365717E-7	4.868143354868386E-7	2.071245190871682E-7	2.1348796911099568E-7	3.114337276927999E-7	0.1744340685451868	2.576215326817734E-7	0.8255621632055279	4.4517628577376485E-7	8.178633391438687E-8	9.487727732698069E-8	4.985670875298567E-7	1.393960333670029E-7
60	60	2.737440233088639E-7	1.3273798518661576E-7	2.6537794554428005E-7	1.0121056338927484E-6	7.943866675513569E-7	3.3798708150467226E-7	3.483709989246525E-7	5.081994983930967E-7	0.41165476656588224	4.2038842309745386E-7	0.5883390843814418	7.264414384491203E-7	1.3345944955486798E-7	1.5482133262725944E-7	8.135648816043056E-7	2.2746731627274563E-7
61	61	9.394438552151702E-7	4.555346379069992E-7	9.107328709416514E-7	3.473377818796782E-6	2.7262026197881698E-6	1.1599153217070143E-6	1.195551195306547E-6	1.744055962274473E-6	0.2272269197480764	1.442702989854501E-6	0.772751977728179	2.4930259198926497E-6	4.580105833516474E-7	5.313210050573304E-7	2.7920190534339757E-6	7.806299109354734E-7
62	62	2.589142574824733E-7	1.2554705837553653E-7	2.510014023038459E-7	9.572759818668295E-7	7.513516886941147E-7	3.196770223096843E-7	3.2949840301438755E-7	4.806683783958013E-7	0.21330356014770055	3.97614366534302E-7	0.7866906239174396	6.870873137870754E-7	1.262294382461477E-7	1.4643406601212152E-7	7.694909451839509E-7	2.151445375223352E-7
63	63	1.7420109407373258E-6	8.446979760563284E-7	1.6887721564862418E-6	6.440685228892683E-6	0.017682051573824766	2.1508312279925224E-6	2.2169108359951743E-6	3.2340033421629394E-6	0.14365978110750782	2.6752044612451777E-6	0.8142192836733189	4.622818494033407E-6	8.492891222214795E-7	9.852286527984472E-7	0.024409985670699824	1.4475222100472788E-6
64	64	6.504906209848655E-7	3.154217336642969E-7	6.306105335421834E-7	2.405039621816126E-6	1.8876798493406517E-6	8.031496866135143E-7	8.278247126072592E-7	5.046755601752345E-5	0.022709280451445026	9.989577967405305E-7	0.04049992183162274	1.7262234137354628E-6	0.9366779831529934	3.6789780315598004E-7	1.9332525278520927E-6	4.980045962115077E-5
65	65	8.430612559513719E-7	4.0879888865233665E-7	8.172958860180204E-7	0.23673222022381818	0.0517151146812594	1.0409133685712188E-6	1.0728931661790974E-6	1.5651238781777203E-6	5.113260964441622E-4	1.2946883284610518E-6	0.7110279650283031	2.2372529784258704E-6	4.110208135333654E-7	4.7680992467014746E-7	2.505570797830259E-6	7.005408886257842E-7
66	66	3.4997089627166334E-7	1.6970025896287937E-7	3.392751970627483E-7	0.1797668750695353	0.057537662597472956	4.3210310279166477E-7	4.453785301137113E-7	6.497129390721671E-7	2.423028734190081E-7	5.374499557480686E-7	0.7619741042270168	9.287266192331252E-7	1.7062262259490802E-7	7.157619445290671E-4	1.0401104920890125E-6	2.9080795842129725E-7
67	67	5.678592379747702E-7	2.7535392447027447E-7	5.505045045752615E-7	0.6115403521347781	0.0720308000665397	7.011261258917321E-7	0.003870945768768391	1.0542176461367144E-6	3.93158192651564E-7	8.720608644090372E-7	0.3098830695651006	1.5069424226499852E-6	2.7685054237421826E-7	0.0026664748565303673	1.6876727686200258E-6	4.718620531746414E-7
68	68	1.3777770599177143E-6	6.680816215061992E-7	1.3356698756723587E-6	0.6933139232802615	0.043094524399107347	1.701117861193493E-6	1.7533810048427941E-6	2.557811499532475E-6	9.539060079147661E-7	2.1158508543769895E-6	0.2587693128707977	3.656241831952412E-6	6.71712813318575E-7	0.004800208295398198	4.0947415657888755E-6	1.1448624391993747E-6
69	69	4.3206043257321006E-7	2.0950532766122504E-7	4.188559390678713E-7	0.5925062447537108	0.03186935952997394	5.334576546144341E-7	5.498469799339465E-7	8.021102797245981E-7	2.991376866431878E-7	6.635147746306037E-7	0.36897532729531873	1.146569698003225E-6	2.1064404186314757E-7	0.006642159618119478	1.284079887566067E-6	3.5902017467676836E-7
70	70	6.530319174650426E-7	3.166540037627018E-7	6.330741637276995E-7	0.09460481884673477	0.8426210109789013	8.062873820787557E-7	0.023639069066427935	1.2123387713782853E-6	4.521276246733324E-7	1.0028604632061263E-6	0.009503144533988634	1.0063772885464497E-4	3.1837509799550943E-7	3.693350835133965E-7	0.02927775022053542	2.478045400495183E-4
71	71	6.992288342906112E-7	3.390548057496765E-7	6.778592250761143E-7	0.049405636065720696	0.7229386346360829	8.633259281761472E-7	0.012285464117732459	1.2981022875065346E-6	4.841121291255118E-7	0.016468757414273127	0.19560894846424015	1.8555612431182007E-6	3.408976539810186E-7	3.954626611669745E-7	0.0032850246736975375	5.810234849114808E-7
72	72	1.6287771716312776E-6	7.897911248142667E-7	1.5789990018128576E-6	6.022029382917064E-6	0.004568417209473437	2.011023422564217E-6	2.072807740049334E-6	3.023787447893258E-6	1.1276863106330776E-6	2.5013114751610086E-6	0.7457523842735028	4.322327176940423E-6	7.940838384193003E-7	9.211870608780069E-7	0.2496510512751447	1.353430725387031E-6
73	73	1.6705489698649055E-7	8.100461947446794E-8	1.6194941836361438E-7	6.176471009875927E-7	4.847820285212283E-7	2.062598350131699E-7	2.1259671950088636E-7	3.101335832887057E-7	1.156607077610313E-7	2.5654603839741386E-7	0.051452214870561674	4.43317805444508E-7	0.9485439983956799	9.448119254160369E-8	4.964857162740212E-7	1.388140958418746E-7
74	74	2.1353416731546388E-7	1.0354233416806287E-7	2.070082040174773E-7	7.89493524484119E-7	6.196617319045323E-7	2.636469981704513E-7	2.717469783378584E-7	3.96421282217607E-7	1.4784070008355565E-7	3.2792420740412583E-7	0.37830870312800013	0.6216869191205924	1.0410511282258967E-7	1.2076846078911936E-7	6.346217077202362E-7	1.7743599799795605E-7
75	75	7.811237959357259E-7	3.7876552554662526E-7	7.572513389535625E-7	2.888025773414716E-6	2.26676850036037E-6	9.644402419858E-7	9.940705692299728E-7	1.4501384047736893E-6	5.408122282953221E-7	1.1995710329968117E-6	0.4276229025187179	0.5723610833424676	3.8082421153782835E-7	4.4177997229617204E-7	2.321493199658753E-6	6.49074019555137E-7
76	76	9.947865475542518E-7	4.823702100122718E-7	9.643841975215332E-7	3.6779947088173496E-6	0.02282865110498404	1.2282460010044112E-6	1.2659811859974936E-6	1.846798400799647E-6	6.887419539134019E-7	1.5276927071866809E-6	0.38345533177360575	0.49674551053315474	4.849920135475667E-7	5.62621156474516E-7	0.09695595536230814	8.266168645482485E-7
77	77	9.641363274409204E-7	4.675079733351281E-7	9.346706996857161E-7	0.550510239294179	0.038771901867005014	1.1904026964516313E-6	1.226975228281682E-6	1.7898969704087519E-6	6.67521228180196E-7	1.4806231947813084E-6	0.0943430874940988	2.558552957983633E-6	4.700489968722935E-7	5.452863198417152E-7	0.31636167457402853	8.011480954840852E-7
78	78	9.392433973818829E-7	4.5543743626371293E-7	9.105385394369011E-7	0.6213638735714996	0.20954115752955876	1.1596678198356727E-6	1.1952960894789187E-6	1.743683816906351E-6	6.502865708261709E-7	1.4423951469601996E-6	1.1919647797969291E-5	0.10235341018457536	4.579128533929579E-7	5.312076321752124E-7	0.066719372933925	7.80463340703866E-7
79	79	1.0166912737566602E-6	4.929917724012032E-7	9.856194784494616E-7	0.11033235272660571	2.9503694112686986E-6	1.2552913932318705E-6	1.2938574890344154E-6	1.8874640224046235E-6	7.039077238583982E-7	1.5613317733306827E-6	0.19457002490957073	0.39781696450665033	4.956713068022183E-7	0.06444232864825662	0.23282484119469768	8.44818574389158E-7
80	80	1.8090712683290036E-6	8.772154084476478E-7	1.753783007677416E-6	0.10576774323716087	0.2771485315120004	2.233629471890198E-6	0.008359069521422922	3.3584993016809857E-6	1.2525131981135514E-6	2.778188939327667E-6	0.44347960833651723	0.09549114153518809	8.819832950445932E-7	1.0231559439906634E-6	0.06973643457195529	1.503245920692238E-6
81	81	1.1642317426134468E-6	5.645338807285938E-7	1.128650862428489E-6	0.06753807565186071	0.26044040207735086	1.4374570963218406E-6	1.4816198368518046E-6	2.1613695176164833E-6	8.060575881197874E-7	1.7879095239461978E-6	0.5538622298733652	0.07591245897615591	5.676022645001587E-7	6.584542292453913E-7	0.042234108117548776	9.674171761296228E-7
82	82	1.3191451644232987E-6	6.396511206991742E-7	1.278829869517707E-6	4.877236173769515E-6	0.8180470624549762	1.628726058801938E-6	1.6787651218900208E-6	2.448962730818065E-6	9.133121273845632E-7	2.0258099110454092E-6	0.13697330141346983	0.0449564198665165	6.43127785581862E-7	7.460685709816822E-7	3.920488076928847E-6	1.0961423255877946E-6
83	83	6.890852860754827E-7	3.341362174406259E-7	6.68025680754955E-7	0.017483721100993284	0.8113893569182276	8.50801862021596E-7	8.769408973855129E-7	1.2792710229823108E-6	4.770892283489796E-7	1.0582275853602172E-6	0.14445020132184141	0.02666714085279382	3.359523319061805E-7	3.89725777368554E-7	2.0479555403798886E-6	5.725947138936196E-7
84	84	1.0433607490088638E-6	5.059237530456449E-7	1.011473889682354E-6	3.857586658843542E-6	0.9391271951203456	0.007033262886983302	1.3277974875122037E-6	1.9369752912964553E-6	7.223723749337548E-7	1.6022880598299884E-6	1.3240968942744235E-5	0.05373021568860138	5.08673576017281E-7	5.900932543475822E-7	8.21118104848864E-5	8.669795475811698E-7
85	85	5.41144634264501E-7	2.6240006111757927E-7	0.004057490413251031	2.0007579579992158E-6	0.950929767832612	6.681420598564339E-7	6.886692703742974E-7	1.0046225972979271E-6	3.746622968207756E-7	8.310352741817679E-7	4.7846951973959835E-5	0.04495589554593965	2.6382627151287334E-7	3.060550232594179E-7	1.6082771962822555E-6	4.4966358053654257E-7
86	86	1.417106323846103E-6	6.871523109394319E-7	1.373797171146892E-6	5.239425054301234E-6	4.1123468434447035E-6	1.7496770332704114E-6	1.8034320517883747E-6	0.010948629824158044	9.811356826129326E-7	1.0948996444003529E-4	0.29298442784951373	3.7606108943923537E-6	6.908871567502071E-7	8.014724372076043E-7	0.6959336577758777	1.1775430508475757E-6
87	87	9.891235440328778E-7	4.796242297769929E-7	9.588942649124237E-7	3.6570570543639044E-6	2.8703697214763013E-6	1.221253987043324E-6	1.2587743576261985E-6	1.8362851646961748E-6	6.848211649562948E-7	1.5189960383368205E-6	0.3555055658493271	2.6248621666541757E-6	4.822311082183676E-7	5.594183331169345E-7	0.6444744705283401	8.219111975624286E-7
88	88	1.6851033522470188E-6	8.171035886182893E-7	1.6336037596135275E-6	6.230282494885578E-6	4.890056119913047E-6	2.0805683980800454E-6	2.144489333566999E-6	3.128355709838547E-6	1.1666838260188081E-6	2.5878115344570502E-6	0.24796454939110674	0.04173242584908011	8.21544752340417E-7	9.530434434916775E-7	0.7102734858785925	1.4002349075777064E-6
89	89	9.307695027096256E-7	4.513284599584662E-7	9.023236212381393E-7	3.4413063933274208E-6	2.701030234664457E-6	1.1492052464628005E-6	1.184512076311896E-6	1.7279522258753455E-6	6.444196571770309E-7	1.4293817953782919E-6	0.2522766030804298	0.055896848112456564	4.537815437669962E-7	1.4149584281146802E-4	0.6916692635315786	7.734219665902788E-7
90	90	1.3092056118185028E-6	6.348314494951444E-7	1.269194086357927E-6	4.840486961611058E-6	3.7992262645259367E-6	1.6164538625517696E-6	1.6661158891216036E-6	2.4305101794638768E-6	9.064304632739227E-7	2.010545750040843E-6	0.7661912457360877	2.0175963203854133E-4	6.382819182514145E-7	7.404470609249788E-7	0.2335840450193118	1.0878830645137595E-6
91	91	8.62949878291267E-7	4.1844284589978497E-7	8.365766786083751E-7	3.1905589135007506E-6	2.504222264996028E-6	1.0654695117101878E-6	1.0982037433673595E-6	1.6020466492201415E-6	5.974646387859866E-7	1.3252312659176834E-6	0.06091613835380355	2.290031918571216E-6	0.9390643006426289	4.880583273843452E-7	2.5646796122753983E-6	7.170673190235492E-7
92	92	1.652212892521159E-6	8.011550637770869E-7	1.6017184876556176E-6	0.24473635843056413	0.016144979793322946	2.0399591078470765E-6	2.102632411281391E-6	3.0672953260078436E-6	1.1439120670395651E-6	2.5373016883169437E-6	0.3533533937471455	4.384519142224461E-6	8.055095432514241E-7	9.344415951520139E-7	0.2210879120565319	0.16465628531511042
93	93	4.940709263230861E-7	2.3957410469347686E-7	4.78971287832805E-7	0.29071393021747394	0.010889107134923926	6.100209547071513E-7	6.287625207751106E-7	9.172313385805151E-7	3.420707447282894E-7	7.587442279275328E-7	0.28192592259835997	1.3111285136957008E-6	2.408762502688317E-7	2.794315590935054E-7	0.24974449165477783	0.1667202475120357
94	94	1.8113045446370025E-6	8.782983201178483E-7	1.7559480313052773E-6	0.6479755969524628	5.2562834568678065E-6	2.236386860096926E-6	2.3050949786764655E-6	3.3626453279057035E-6	1.2540594103052837E-6	2.781618579522592E-6	0.2786057208389879	0.023460073832536676	8.830720926123603E-7	1.024419017463282E-6	5.383181519708554E-6	0.04992967606387347
95	95	9.482133188170482E-7	4.5978693505529994E-7	9.19234324986425E-7	0.5669812179214468	2.75165101088984E-6	1.1707428290013598E-6	1.2067113541954689E-6	1.7603362702416813E-6	6.564969093464237E-7	1.456170246346324E-6	0.34805420301729373	0.02269311369256267	4.622859928055282E-7	5.362807481956751E-7	0.01867229695104154	0.04358684050771533
96	96	1.3138950826888495E-6	6.371053654966596E-7	1.273740239111217E-6	0.3772010222821554	3.812834792274763E-6	1.622243872335769E-6	1.67208378435374E-6	2.439216074537795E-6	9.096772254441625E-7	2.0177473657711785E-6	0.5385982722860513	3.486716613216402E-6	6.4056819355889E-7	7.430992836865498E-7	0.006670257567183554	0.07750987893671729
97	97	7.029135947718041E-7	3.408415394882135E-7	6.814313730795738E-7	0.40880737320088784	2.0398077787338405E-6	8.678754391610024E-7	8.945390230203529E-7	1.3049429607954198E-6	4.866632785552654E-7	1.079463705209279E-6	0.5199574928221611	1.8653395852056114E-6	3.4269409906726135E-7	3.975466501476832E-7	0.011978791426378399	0.05924533849154545
98	98	1.1970538381162822E-6	5.804492558808518E-7	1.1604698594890124E-6	0.0635498814132883	3.473769391735114E-6	9.212770463425258E-5	1.5233897577396183E-6	2.222302984835715E-6	8.2878201502698E-7	1.8383143832173089E-6	0.8814930945458362	3.1766520472342125E-6	5.836041437233018E-7	6.770174128500782E-7	0.054846639840488466	9.946906628280115E-7
99	99	4.669559207477591E-7	2.2642608719564163E-7	4.526849624328051E-7	0.07037078797582969	1.3550745447971088E-6	5.765425193111485E-7	5.942555333203883E-7	8.668929528662105E-7	0.0032889276799237107	7.171037409561364E-7	0.8479707979008784	1.2391727375819263E-6	2.276567699856867E-7	2.6409613278309735E-7	0.07836211156492129	3.8801654489573047E-7
100	100	7.795099488910241E-7	3.7798297401354066E-7	7.55686813788889E-7	0.24710341535548216	2.262085225232453E-6	9.62447652536575E-7	9.920167618069703E-7	1.4471423347638786E-6	0.009327315676926877	1.1970926497026596E-6	0.3411455785975149	2.0686052674796787E-6	3.8003740664014247E-7	4.408672292631109E-7	0.402411379162817	6.477329950034564E-7
101	101	1.1494362315661481E-6	5.573595639983656E-7	8.815807471971878E-5	4.249776384911044E-6	3.3355863135188162E-6	1.419189330918961E-6	1.4627908341183544E-6	2.133901990830618E-6	7.958138939193406E-7	0.12543183371265987	0.26706486488712733	3.050288000342294E-6	5.603889535522606E-7	6.500863360963247E-7	0.607394823584798	9.55122861352874E-7
102	102	9.382423900541733E-7	4.5495204960857745E-7	9.095681245767285E-7	0.04583111617972294	0.861491440288223	1.1584318931434007E-6	1.194022191629132E-6	1.7418254697699245E-6	7.170020940414697E-5	1.4408579010071434E-6	0.09259085943888344	2.4898375614063116E-6	4.574248285391484E-7	5.306414927338015E-7	2.78844830931455E-6	7.796315546884083E-7
103	103	6.298878724661526E-7	3.054314979154972E-7	6.106374396701301E-7	0.042884398204223254	0.9276187382662641	7.777118240489037E-7	8.016053270831444E-7	1.1693723828630103E-6	0.004722710702825559	9.67318176424573E-7	0.024764160549660456	1.6715493788870292E-6	3.0709159500359247E-7	3.5624551229353276E-7	1.8720213365488298E-6	5.234046835826783E-7
104	104	6.397754204492637E-7	3.1022595217188593E-7	6.202228075569312E-7	0.013374151779954463	0.6377779276279015	4.92384211057339E-5	8.141883779426892E-7	1.1877283888302538E-6	4.4294946913922094E-7	9.825024739835762E-7	0.34878888001243913	1.697788215055086E-6	3.119121083259399E-7	3.6183761011052893E-7	1.90140704406859E-6	5.316207314694978E-7
105	105	8.465200855642333E-7	4.1047606891865057E-7	8.206490079804795E-7	9.005960088650735E-4	0.11135236949395143	1.045183926562375E-6	1.0772949277692789E-6	1.5715451159933858E-6	5.860894472204892E-7	1.3000000496418023E-6	1.074292489248125E-5	2.2464317620535312E-6	0.8877226893503561	4.787661339912533E-7	2.5158504096751614E-6	7.03414999556033E-7
106	106	7.137028258707402E-7	3.4607321826780704E-7	6.918908671296322E-7	2.638752226469383E-6	0.8253511856956224	8.811967189709889E-7	9.082695701575389E-7	1.3249729207786556E-6	4.941332188420275E-7	1.0960327166283818E-6	0.17463435953663767	1.8939712406643602E-6	3.4795421333817496E-7	4.036487126386551E-7	2.121118656808263E-6	5.930506334157295E-7
107	107	1.733322006265212E-6	8.40484727338399E-7	1.6803487704655843E-6	6.408559889952118E-6	0.842037245908602	2.140103148642634E-6	2.2058531597578894E-6	3.2178725346774496E-6	1.2000680832398311E-6	2.661860873257477E-6	0.15792764877009202	4.599760448855958E-6	8.450529734360201E-7	9.80314454498067E-7	5.1514180867364825E-6	1.440302148831873E-6
108	108	1.1879007935308037E-6	5.76010961002615E-7	1.151596547340645E-6	0.2218373350049471	0.0683704531653595	1.4666808702141265E-6	1.5117414475887613E-6	2.2053105675734703E-6	8.224448909197452E-7	1.8242580617922067E-6	0.41831320383766	3.1523623813102126E-6	5.791417255949948E-7	6.718407279194208E-7	0.2914628716181088	9.870849497884451E-7
109	109	8.275287212100921E-7	4.0126719045678434E-7	8.022380516627287E-7	0.14031349285761377	0.015731708600093607	1.0217356125708556E-6	1.0531262153677322E-6	1.5362880838145118E-6	5.729407477081054E-7	0.0067692595764825385	0.5658895605716601	1.2752915873982598E-4	4.0344817866190313E-7	0.028701753613944066	0.24245938941451983	6.876341447641085E-7
110	110	7.365117344848398E-7	3.5713321708401936E-7	7.140026971339988E-7	0.05722693596183469	0.024486961336395847	9.093584898166236E-7	9.372965501157811E-7	1.3673171362850553E-6	5.09925000831973E-7	1.1310603347986478E-6	0.4950043656541184	1.9544998183582226E-6	3.5907432603247267E-7	4.165487408647469E-7	0.4232717323159325	6.120036727071322E-7
111	111	1.5115100777506746E-6	7.329285216339292E-7	1.46531578755371E-6	0.10382322325249607	8.056249369186192E-4	0.5319098583801086	1.9235717708311748E-6	2.806083778721647E-6	9.167477954138653E-4	2.3212245162502545E-6	0.2896097179639706	4.011132523878513E-6	7.369121726746713E-7	8.54864342564496E-7	0.0729172081398467	1.2559877536293305E-6
112	112	8.725866963582427E-7	4.231157216702161E-7	8.459189793069826E-7	0.1030859728615622	2.5321876601761305E-6	0.548916703400203	1.1104677113468889E-6	1.6199371808509157E-6	0.0023794367522286773	1.3400305177949819E-6	0.2817705813003204	2.3156053864191244E-6	4.2541546214317277E-7	4.935086199510334E-7	0.06383460183672648	7.250750231429206E-7
113	113	1.3802251681227395E-6	6.692687047773733E-7	1.3380431655731454E-6	0.18260294634251262	0.011919376890675269	0.6700845737737101	1.7564965062902831E-6	2.562356356244843E-6	9.55600959291688E-7	2.1196104117015387E-6	0.07569057756393231	0.05968504139396251	6.729063486861938E-7	7.806135720206845E-7	4.102017322307324E-6	1.1468966922092168E-6
114	114	7.809390181417412E-7	3.786759271262313E-7	7.570722082797413E-7	0.1411072227697638	0.012007371048597098	0.7094257788744041	9.93835418069807E-7	1.449795369038764E-6	5.406842971133196E-7	1.199287269923201E-6	0.08759395121225047	0.04985578353136281	3.8073412612746187E-7	4.4167546756960725E-7	2.3209440416451127E-6	6.489204786361556E-7
115	115	6.924094050432802E-7	3.3574807675712393E-7	6.712482090562343E-7	0.11950040676842685	0.03277346795404057	0.24209017408810896	8.811712240657392E-7	1.285442173576264E-6	4.793906870875906E-7	1.0633324315379327E-6	0.5534007461417203	0.052226433935065084	3.3757295208387324E-7	3.9160579842685956E-7	2.0578347933468963E-6	5.753568871510904E-7
116	116	8.041953014196406E-7	3.8995285711331825E-7	7.79617740425739E-7	2.973327364296614E-6	2.3337204510741242E-6	9.92926236712447E-7	1.0234317341422689E-6	1.4929701253437851E-6	0.007917502734917292	1.2350019209176918E-6	0.009693239685720884	2.1341134118503E-6	0.9823715851869224	4.548285173623289E-7	2.3900615154180193E-6	6.682452634470144E-7
117	117	6.150145032250516E-7	2.98219427886948E-7	5.96218625608676E-7	0.13990883503680443	2.81225265495613E-4	0.0017239759800833094	7.826772407736531E-7	1.141760314126757E-6	0.009780844529252103	7.926926594995579E-4	0.7377308172113034	0.06888372394324603	2.9984032555869216E-7	3.4783358490702537E-7	0.04089329276462081	5.110456726193974E-7
118	118	1.5498279226919537E-6	7.515087758170857E-7	1.5024625747064937E-6	5.730132673439194E-6	4.497495959559962E-6	1.9135461300430913E-6	1.9723356698835827E-6	2.8772199786769284E-6	1.073025680060467E-6	2.3800691924431743E-6	0.8901110618061336	4.112817558170591E-6	7.555934152171685E-7	8.765357556806832E-7	0.10985765779465226	1.2878279277043413E-6
119	119	7.279049094124557E-7	3.529597830665289E-7	7.056589111117149E-7	2.6912611674568093E-6	0.001104558621219864	8.987317895435947E-7	9.263433676068314E-7	1.3513387630162164E-6	5.039660526215062E-7	1.1178428421340763E-6	0.8826828599721751	1.931659668971625E-6	3.5487820835037303E-7	4.116809811551852E-7	0.11620000232832028	6.048518402134772E-7
120	120	0.09848401062453743	5.020758127485717E-7	1.003780850729121E-6	3.828246737433138E-6	0.803313578712746	1.278421835365381E-6	1.3176985636569925E-6	1.9222431004614814E-6	7.168781759477087E-7	1.590101423492353E-6	1.3140261162845862E-5	2.747734004782528E-6	5.048047211959171E-7	5.856051400837907E-7	0.09817241242568824	8.603854995298722E-7
121	121	0.10268238408722857	1.9481313995106878E-7	3.8948241358765074E-7	0.01326647632064133	0.7939534653756881	4.960473410700995E-7	5.11287315932871E-7	7.458598973332921E-7	2.7815976167867126E-7	6.169838165582707E-7	3.552291455815761E-5	1.0661630686640403E-6	1.958719984138097E-7	2.2722380408382516E-7	0.09005709556651534	3.3384281113681277E-7
122	122	1.4671747806119691E-6	7.114304156891587E-7	1.4223354516634547E-6	0.6957466099107512	0.015336784563383953	1.8114957037684496E-6	0.008223656948323457	2.723776316828398E-6	1.0158006535327073E-6	2.253138844729791E-6	0.2600049455180461	3.8934788244909965E-6	7.152972191116228E-7	8.297896406496519E-7	0.020669940194260446	1.2191473838035485E-6
123	123	5.441774470340866E-7	2.6387066658182653E-7	5.27546468996319E-7	0.6113392995842373	0.014259934509248933	6.718866221097101E-7	6.925288761524295E-7	1.0102529446187327E-6	3.7676206927740306E-7	8.356927617219339E-7	0.35185036818140314	1.4440974550482962E-6	2.6530487008806555E-7	3.0777029035062463E-7	0.022543005650945448	4.521836932064619E-7
124	124	1.094648873582991E-6	5.30793272524755E-7	1.0611945629075885E-6	0.9999648086198045	3.1765971008736974E-6	1.3515443134889883E-6	1.393067570763304E-6	2.03219051779543E-6	7.578817846846058E-7	1.6810511814964512E-6	1.3891850687397489E-5	2.904897402728385E-6	5.336782675960319E-7	6.19100264979409E-7	3.2532870324259456E-6	9.095973622553403E-7
125	125	3.1558726988360923E-7	1.5302770028929654E-7	3.059423921272097E-7	0.9999898543251013	9.158129431071066E-7	3.8965022512158943E-7	4.016213801797255E-7	5.858805255928444E-7	2.1849731826814765E-7	4.846470550566545E-7	4.005020548476482E-6	8.374819202237409E-7	1.5385944436736952E-7	1.784866061840952E-7	9.379226503476722E-7	2.6223691923045844E-7
126	126	1.0473327854757252E-6	5.078497863936096E-7	1.015324534034188E-6	3.872272351110152E-6	0.1775027204331734	1.2931239456786243E-6	0.8145329348856842	0.007853806920006279	7.251224203218105E-7	8.092013105085375E-5	1.3291376830473498E-5	2.7793335029545977E-6	5.106100778413997E-7	5.923397179291804E-7	3.112664025743775E-6	8.7028010722201E-7
127	127	1.7007293240076993E-6	8.246805942567117E-7	1.6487521753957544E-6	0.16936742049770911	4.935401634617538E-6	2.0998615191762746E-6	0.6333999205338577	3.1573649678844207E-6	1.1775024909361278E-6	2.6118083236780007E-6	0.11207039348698344	4.5132684235840554E-6	8.291629409121081E-7	9.618810200799885E-7	0.08513639184874246	1.4132192928351164E-6
128	128	1.1330642850483693E-6	5.494208365401921E-7	1.0984359347873966E-6	0.14269617965293332	3.28807603045078E-6	1.3989751675001267E-6	0.5951377290694643	2.1035078477641004E-6	7.844787522633307E-7	1.740045690502951E-6	0.14330699751760945	3.0068413517732106E-6	5.524070771116592E-7	6.408268587680296E-7	0.1188418561615513	9.41518609133792E-7
129	129	1.4318574867794555E-6	6.943051233488684E-7	1.388097513730902E-6	0.022775758236051817	4.155153722015022E-6	1.7678900428126084E-6	0.8877246364643777	2.6582105711608326E-6	9.913486723303654E-7	2.1989021118767485E-6	0.0894735666151594	3.7997564285690443E-6	6.980788464959158E-7	8.098152484059576E-7	4.255468129039683E-6	1.1898005146043855E-6
130	130	1.0756564314251197E-6	5.21583871437796E-7	1.042782561725602E-6	0.018983368979670262	3.121482316440832E-6	1.328094668751567E-6	0.8703653319131538	1.99693148469866E-6	7.447323389531976E-7	1.651884507049979E-6	0.11063173802752142	2.8544966785991174E-6	5.244188110955615E-7	6.083587146464173E-7	3.196841657769815E-6	8.938156118635082E-7
131	131	1.370769091612088E-6	6.646834702629447E-7	1.3288760826649102E-6	5.06810378402777E-6	0.01349859142385719	1.6924652421289174E-6	1.744462552890662E-6	0.6380901560185921	9.49054030577872E-7	0.004777122189097373	0.08576009437463919	0.14751014415830316	6.682961922677781E-7	7.752655014067278E-7	0.1103484908203881	1.1390391751012695E-6
132	132	1.2339672381240536E-6	5.983484972385006E-7	1.196255123907603E-6	4.562310360782914E-6	3.58088958550489E-6	1.5235583244692714E-6	0.006823060976752128	0.3389275845849153	8.543390627267559E-7	1.8950022547290228E-6	1.565989701250077E-5	0.5805775371101259	6.016006719641296E-7	6.978945144281392E-7	0.07363838790174541	1.02536381482153E-6
133	133	1.4731860486560697E-7	7.143452687659337E-8	1.4281630052457277E-7	5.446766952550759E-7	0.0031464331851649304	1.8189177140019862E-7	1.8748000017268644E-7	2.7349360980276077E-7	1.0199625639529577E-7	2.2623703430592515E-7	0.08960725111332313	3.909431078542339E-7	7.182279151487277E-8	0.032029098557588925	0.87521475461898	1.224142440838437E-7
134	134	1.3120674131714134E-6	6.362191318306271E-7	1.2719684262482057E-6	0.016995307894529257	3.807531018772087E-6	1.6199872799225845E-6	1.0102915451050436E-4	2.435823048013371E-6	0.007254144367099864	2.0149406155192787E-6	0.38533239124103347	0.09479234626815153	6.396771429897601E-7	0.36176830525898923	0.13374164734053423	1.090261075421847E-6
135	135	3.4171166979758764E-7	1.656953748813307E-7	3.3126838644097954E-7	1.2634003913167383E-6	0.004788222085491807	4.219055765855517E-7	4.348677071107474E-7	6.343798746256625E-7	2.3658458561791781E-7	5.247662699036332E-7	0.4074882180391968	0.1959409557440251	1.6659597096008695E-7	0.2693789451654528	0.12239885384506348	2.8394496262749655E-7
136	136	1.5886087035982361E-6	7.703135068181179E-7	0.26983699150007284	5.8735157010120845E-6	0.0875838381447163	1.961428099477717E-6	0.02045321506593863	2.9492156086294716E-6	1.0998756117180158E-6	2.4396247989350294E-6	2.0160542292298486E-5	4.215731097342015E-6	0.6220779565806867	8.984689913643789E-7	4.72133139652229E-6	1.3200527779461318E-6
137	137	8.47334858126338E-7	4.108711506704706E-7	0.661685035332352	0.009371431432291251	0.135329457269793	1.046189912362639E-6	0.034137618458985455	1.573057722560503E-6	5.866535562223637E-7	1.3012512950513863E-6	0.15946432885891457	2.2485939446095914E-6	4.131043388172907E-7	4.792269446870575E-7	2.518271906718314E-6	7.040920339834313E-7
138	138	1.1771002258314594E-6	5.707737851258471E-7	0.1255975530061857	4.352057647944529E-6	0.10491965204910685	1.45334559329677E-6	1.4979964733135476E-6	2.1852595614516877E-6	8.149671017207364E-7	1.8076716407671835E-6	1.493821532728482E-5	0.02594248200945331	0.7435063733736728	6.657322537904471E-7	3.49833174178369E-6	9.781102291019592E-7
139	139	7.628043695836207E-7	3.698824686149699E-7	0.4451390499374453	2.820293903339405E-6	0.40493597382270813	9.418215583968557E-7	9.707569758193553E-7	1.4161288100784117E-6	5.281287460635387E-7	1.1714379082508437E-6	0.10225401084016998	0.047658279933471	3.718928729553077E-7	4.3141905932895177E-7	2.2670480221858073E-6	6.338515109589662E-7
140	140	1.3106349502946636E-6	6.355245331547691E-7	0.12525593164577	4.845771612238224E-6	0.03920791678225494	1.6182186424150903E-6	1.667934888005023E-6	7.964405238785458E-4	9.07420067905484E-7	2.0127407837106293E-6	1.663286326288602E-5	3.478065117423579E-6	0.8347008763522213	7.412554514972359E-7	3.895195793772117E-6	1.089070771859066E-6
141	141	1.1115102172265893E-6	5.389693077701534E-7	0.4860928205258804	4.109553660337238E-6	0.22743524103342372	0.006482595602530998	1.4145255849231406E-6	2.063493215397131E-6	7.695557611725759E-7	1.7069451300837374E-6	0.2799692811001599	2.9496427768285543E-6	5.418987416514275E-7	6.286365305067212E-7	3.3033988006365557E-6	9.23608278515727E-7
142	142	1.8036352630360231E-6	8.745794992455686E-7	1.74851313584905E-6	6.6685270024935704E-6	5.2340277196287835E-6	2.226917728774092E-6	2.2953349289041525E-6	0.11350509318645804	1.2487495717193507E-6	2.7698408714303557E-6	2.28893779304855E-5	0.06297025487611208	0.566007173393317	1.020081503959224E-6	0.2574672002300798	1.4987288776522022E-6
143	143	7.199284013390648E-7	3.4909198862963614E-7	6.979261785407996E-7	2.6617698614465917E-6	0.036856442844845405	8.888833309298262E-7	9.161923365382099E-7	0.22636121286413596	4.984435053279387E-7	1.1055933266551084E-6	0.09803299420390958	0.08886669816651671	3.509893914769409E-7	4.071697096588899E-7	0.5498734577087928	5.982237689856538E-7
144	144	1.029853379599106E-6	4.99374053881621E-7	9.983793281999112E-7	3.8076462637494666E-6	2.988564953482753E-6	1.2715424210584197E-6	1.3106077943191132E-6	0.3163995278726118	7.130205275224896E-7	1.5815448061226518E-6	0.2799122669207435	0.047575458051190345	5.020882775893166E-7	5.824538951132517E-7	0.356096606324141	8.557556127810464E-7
145	145	1.1857674416952623E-6	5.749765025296188E-7	0.015176510222230787	4.3841026873206835E-6	3.4410170315806E-6	0.08791080203067891	1.5090265101043848E-6	0.17797595812628472	0.002425286877527766	1.8209818755098001E-6	0.20124571871057922	0.023170265393417308	5.781016445797576E-7	6.706341687034461E-7	0.492080308719176	9.853122432619957E-7
146	146	4.896557304133243E-7	2.3743318412767985E-7	4.74691027735999E-7	1.8103895655103687E-6	1.4209478593495604E-6	6.045695875438652E-7	6.231436722211232E-7	9.090346286778609E-7	0.01542575796673083	0.0213590243600748	0.4441544549765304	0.0019665571149246183	2.38723693260751E-7	2.769344579466121E-7	1.4552526171178213E-6	0.5170856648057155
147	147	1.5586083268529833E-6	7.557663780228668E-7	1.5109746349485298E-6	5.762596200539497E-6	4.522976099425387E-6	1.924387145459415E-6	1.9835097519021287E-6	2.893520597541177E-6	1.0791048060125467E-6	2.3935532503407553E-6	1.9779816778968727E-5	0.2305153361497313	0.6370048287781143	8.815016864680841E-7	4.6321705349998524E-6	0.132430156585963
148	148	9.652639332510557E-7	4.680547473669878E-7	9.357638439657643E-7	0.08728125062412909	2.8011307424149806E-6	1.1917949321331582E-6	1.2284102373741977E-6	1.7919903447230808E-6	6.683019277491901E-7	1.4823548578973408E-6	0.06777306310958046	0.4365371642296634	4.7059874275867485E-7	5.459240595523149E-7	0.037940152545985505	0.3704558199022724
149	149	1.6207806941913723E-6	7.859136472674213E-7	1.5712469101728553E-6	5.992464244762093E-6	4.703396110451515E-6	2.001150308113853E-6	2.0626312956472036E-6	3.008942171000084E-6	1.1221499375187393E-6	0.039646681282933874	0.009225876625454783	4.301106722503628E-6	0.596627472956888	9.166644953125366E-7	0.35447053590212574	1.3467860606345204E-6
150	150	5.652583344468416E-7	2.740927510214848E-7	5.479830890336268E-7	2.0899128243358257E-6	1.6403415102152374E-6	6.979148346202221E-7	7.193567488395838E-7	1.0493891284131664E-6	3.913574532043229E-7	0.12298112519768113	0.1866820434626457	1.5000403391733935E-6	2.7558251413021527E-7	3.1969300209701207E-7	0.6903262907163086	4.6970083504746163E-7
151	151	1.5298972697930876E-6	7.4184443802709E-7	1.4831410360817415E-6	5.656443663384193E-6	4.439658550921493E-6	1.888938092489081E-6	1.9469716039373302E-6	0.025490956903821534	1.0592266627194267E-6	0.032094205469190604	1.3527052946274423E-4	4.059927080467826E-6	0.8742431481597929	8.652635817547075E-7	0.0680114763591807	1.2712665720565743E-6
152	152	1.0199107700309697E-6	4.945529003615586E-7	9.887405815027317E-7	3.7708857491713904E-6	2.959712172018792E-6	1.2592664504276993E-6	1.2979546712105168E-6	0.0329813009542491	7.061367469187086E-7	0.17972775195150661	0.3550629113787485	2.706563006985135E-6	4.972409198860754E-7	5.768306561306251E-7	0.43221091042705967	8.474938115264489E-7
153	153	8.569021349990106E-7	4.1551030604069834E-7	8.307137645228779E-7	3.16819877213787E-6	2.48667212241366E-6	1.0580024661092219E-6	1.0905072890429995E-6	0.0481506633991252	5.932774746731263E-7	0.16385092276913119	0.31648395685349096	2.2739828692312757E-6	4.17768709164932E-7	4.846379068594438E-7	0.4715000687624845	7.120419529185003E-7
154	154	1.596097183562032E-6	7.739446573012942E-7	1.5473177691437419E-6	0.11047945456085513	4.631766229677146E-6	1.9706739980996347E-6	2.0312186673422256E-6	2.9631177998639223E-6	1.105060272020054E-6	0.10237783372267537	0.23426286652620176	0.025870034748607232	7.781512413658107E-7	9.027042489357899E-7	4.743587094533522E-6	0.5269867668024987
155	155	1.5621114500037973E-6	7.574650361461712E-7	1.514370696763924E-6	0.08127414551326591	4.533141926215539E-6	1.928712391927204E-6	1.9879678821533532E-6	2.9000240652937656E-6	1.081530198564972E-6	0.08588425714935773	0.2990684986140116	0.023308175812218782	7.615820493207199E-7	8.834829468733734E-7	4.642581786858388E-6	0.5104423699407159
156	156	1.213109167515922E-6	5.88234456267167E-7	1.176034511018612E-6	0.15066398769717104	3.5203608733099603E-6	1.4978052200710556E-6	1.5438220253501008E-6	2.252109335486983E-6	8.398979463477422E-7	0.0905812955739926	0.1568298895690365	0.022510279083883318	5.914316586337565E-7	6.860978211211923E-7	3.6053500065995104E-6	0.5793970338228948
157	157	1.343846061837527E-6	6.516285414860621E-7	1.3027758659623193E-6	4.968562066963319E-6	3.899750510938592E-6	1.6592238359832198E-6	1.7101998768940453E-6	2.4948193801214427E-6	9.304138306497678E-7	0.2100469013671883	0.13852045743911792	3.5661982841319194E-6	0.5551336925926176	7.600386507976174E-7	0.09627454447665945	1.1166675110381576E-6
158	158	9.254208050155869E-7	4.487348860542866E-7	8.971383887416478E-7	0.018854853068043805	2.685508675196059E-6	1.1426013005515533E-6	7.125737638066055E-5	1.7180224913287765E-6	6.407164783295271E-7	0.4408025526517653	0.3051386323823561	2.4558125968936827E-6	4.511738731356765E-7	5.233899923792972E-7	0.23512004702449477	7.689774717103139E-7
159	159	8.873629112030792E-7	0.016127865669329264	8.602436081739268E-7	0.04932635405077428	0.9343858628970055	1.0956118674949973E-6	6.832691961012427E-5	1.6473688846796487E-6	6.143670386324388E-7	1.362722336169264E-6	7.845889602788608E-5	2.354817401486957E-6	4.326193655411707E-7	5.018655997521344E-7	2.6372349360060313E-6	7.373533037599631E-7
160	160	6.787081748102742E-7	0.024516591189908375	6.57965711463358E-7	0.042353452676725786	0.9331104353155186	8.379894195485789E-7	8.637348205049446E-7	1.260006154014567E-6	4.6990461984542863E-7	1.0422914659580203E-6	8.613275774832812E-6	1.801105050027179E-6	3.308931399622463E-7	3.838567973795801E-7	2.01711485499861E-6	5.639718638981062E-7
161	161	1.3973128142782406E-6	0.20115462284883318	1.3546085845222857E-6	0.015030868627002909	0.274487660427441	1.7252383242505313E-6	1.7782425166269048E-6	2.5940791792675263E-6	9.674316166622118E-7	2.145851892830255E-6	0.2629675245835549	0.0391551861269208	6.812371528532987E-7	7.902778273979529E-7	0.20718954201068426	1.161095654310481E-6
162	162	9.687336926455083E-7	0.19344984469275	9.391275616773065E-7	0.03734363925553491	0.2396687603767283	7.4555720606298E-5	1.2328259083783089E-6	1.798431873427494E-6	6.707042208550026E-7	1.482069666066499E-4	0.29000295722925523	0.03352792697406318	4.722903675593705E-7	5.478864504270153E-7	0.205776673816109	8.049682714001576E-7
163	163	1.5418656784555553E-6	7.476478978891288E-7	1.4947436700457216E-6	0.02160656187486185	0.024757893689094368	1.9037152827458289E-6	1.962202791200834E-6	2.862438254940606E-6	1.0675130083557728E-6	0.19265869729157822	0.03726645770133304	0.3173616089273977	7.517115524456398E-7	8.720325513787867E-7	0.4063342954333384	1.2812117089972822E-6
164	164	1.1596310356093342E-6	5.623030061663725E-7	1.124190760768388E-6	4.2874693306193034E-6	0.0773690785855202	1.4317766817711138E-6	1.4757649039279394E-6	2.152828410623599E-6	8.028722817450822E-7	0.10142902147286392	0.1788076705624459	0.033636525966252585	5.653592645730358E-7	6.558522086394451E-7	0.6087425217708097	9.635942233486522E-7
165	165	1.7215713958179338E-6	8.347868774396831E-7	1.6689572784370208E-6	0.03507590875239454	4.995883919381496E-6	0.4984068294122586	2.1908991459678823E-6	0.0417216122810668	1.1919325305234912E-6	0.17782739296716438	0.15112073668940237	0.059714051797113046	8.393241542885861E-7	9.73668664951171E-7	0.025688016482824698	0.010431034593808798
166	166	1.6030725625576174E-6	7.773270060466487E-7	1.5540799688252763E-6	5.926992496463807E-6	4.652008308420026E-6	0.8986998787650857	2.040095645619952E-6	2.976067430923661E-6	1.1098896860994036E-6	0.03460044932192948	0.033647160005128636	0.03302408778409737	7.81551974028153E-7	9.066493121325059E-7	4.7643178608826586E-6	1.3320715067595307E-6
167	167	9.774096859835088E-7	4.7394420105000614E-7	9.475384020666748E-7	3.613747755468236E-6	2.83637689654617E-6	1.2067910860915131E-6	1.2438671155224466E-6	0.1589155656552175	6.767110578176106E-7	1.5010070782337334E-6	0.523310131248945	0.2433693444387774	4.76520207105218E-7	5.527933296137032E-7	0.07438963977266543	8.121775791934039E-7
168	168	1.1003955534849426E-6	5.335798272866715E-7	1.0667656146063495E-6	4.0684597447303505E-6	3.1932735778305837E-6	1.3586396412514897E-6	1.4003808870276897E-6	2.0428590971795444E-6	7.618605071089449E-7	0.021667501910291778	0.5690748508560812	0.29724119524390824	5.364799679846359E-7	6.223504131647397E-7	0.11199885257232699	9.143725600440444E-7
169	169	8.288272150202464E-7	4.018968277728937E-7	8.034968613180975E-7	3.064398205688479E-6	2.4052006007558595E-6	1.023338840754401E-6	1.054778699247647E-6	1.5386987077799613E-6	5.738397618394775E-7	1.2728291260243688E-6	0.6468027502813603	0.2686359454762923	4.040812382153461E-7	4.687595820216018E-7	0.08454677538355408	6.887131268679818E-7
170	170	8.977389741019138E-7	4.3531201596805384E-7	8.703025611389897E-7	0.03617048759316745	2.605177871456751E-6	0.9227397866617838	1.1424769001389544E-6	1.6666318073792735E-6	6.215509212979631E-7	0.04106335181356968	1.1392927983984881E-5	2.3823526220428532E-6	4.3767804637111784E-7	5.07733986816824E-7	2.668072505651468E-6	7.4597528261651E-7
171	171	0.8967122577570505	1.2681012542859797E-7	2.535266036556283E-7	0.018379215819158277	0.026399687574843757	3.228931352136791E-7	3.3281332398719886E-7	4.855041459562343E-7	1.8106311656657688E-7	4.016145686313607E-7	0.03733413696118324	6.939997604811673E-7	1.2749937038663845E-7	1.4790726695062933E-7	0.02117141094734617	2.173090006368573E-7
172	172	8.344838544054139E-7	4.046397220499578E-7	8.089806242897072E-7	3.085312330210453E-6	2.4216157862141843E-6	1.0303229970249474E-6	0.9999711492144919	1.5492001290105876E-6	5.777561445773646E-7	1.2815160214766158E-6	1.0590176801168622E-5	2.2144909109955576E-6	4.068390408133705E-7	4.7195880601640423E-7	2.480078834247418E-6	6.934135055813281E-7
173	173	7.008617251018127E-7	3.3984659157092915E-7	6.794422119977534E-7	2.5912752066005253E-6	2.033853391530453E-6	8.653420306394002E-7	0.999975768960424	1.301133711831905E-6	4.852426635206533E-7	1.0763126510070984E-6	8.894419637739708E-6	1.8598944867645144E-6	3.4169374335755363E-7	3.963861747778626E-7	2.0829550158254817E-6	5.823803338614625E-7
174	174	7.004899442272088E-7	3.3966631569264944E-7	6.790817933719786E-7	2.589900632232793E-6	2.0327745085416446E-6	8.64882999127962E-7	0.8468842994748252	1.300443509168475E-6	4.849852604761188E-7	1.075741707489416E-6	0.15310037204073834	1.8589078824541423E-6	3.415124876344883E-7	3.961759067699779E-7	2.0818500862654723E-6	5.820714029238462E-7
175	175	8.623300026796444E-7	4.181422693291679E-7	8.359757474380175E-7	3.1882670658422975E-6	2.502423427836184E-6	1.0647041618540126E-6	0.9105064855744442	1.6008958643698097E-6	5.970354669792489E-7	1.324279323560233E-6	0.08947464447298321	2.2883869389821692E-6	4.204149778365103E-7	4.877077445036871E-7	2.562837347291917E-6	7.165522340178773E-7
176	176	1.0431959012077343E-6	5.058438186429869E-7	1.0113140799072859E-6	3.856977171972408E-6	3.0272840500653704E-6	1.2880162051575346E-6	0.9998849349012471	1.9366692551359844E-6	7.222582423121111E-7	1.6020349032264934E-6	9.22373447393758E-5	2.768355348538616E-6	5.0859320715102E-7	5.900000214216427E-7	3.1003692412987414E-6	8.668425674693736E-7
177	177	8.313317806696737E-7	4.0311128715744614E-7	8.059248832288293E-7	3.0736582617569163E-6	2.412468681117444E-6	1.0264311852887389E-6	0.9997823945176189	1.543348376442482E-6	5.75573801612464E-7	1.901403495651239E-4	1.0550174807150902E-5	2.206126173197775E-6	4.0530229849241184E-7	4.701760885330857E-7	2.470710898229571E-6	6.907942931335238E-7
178	178	0.023197305312832612	2.5609283993671874E-7	5.119965595037468E-7	1.952666418246055E-6	1.5326188461809348E-6	6.520821560065564E-7	6.721159609344561E-7	0.7239004061243047	3.6565666639480183E-7	0.08246935336323367	0.1291087657423529	0.039395928286333835	2.5748476899695803E-7	2.986984825749796E-7	1.569619583346178E-6	0.001920172138660051
179	179	0.009222327635487458	2.5785633223993785E-7	5.1552224179999E-7	1.9661127613776405E-6	1.5431726810311261E-6	6.565724879637803E-7	6.767442485674549E-7	0.793478129810392	3.681746310398397E-7	0.08440642417933533	0.08215724446413125	0.030727307436659614	2.5925784632483055E-7	3.007553634902538E-7	1.5804282106193848E-6	4.418771898344764E-7
180	180	1.1783606761322929E-6	5.713849752126228E-7	1.1423479919754325E-6	4.356717873345235E-6	3.4195230981541055E-6	1.4549018498075458E-6	1.4996005424182846E-6	0.9686387655285683	8.158397763715357E-7	1.809607313034856E-6	1.4954211312664816E-5	0.031324309804911625	5.744905964075734E-7	6.664451263234312E-7	3.5020777892311207E-6	9.79157598990661E-7
181	181	5.563281167072993E-7	2.697625044805871E-7	5.393257937680097E-7	0.0017293564562455975	1.6144266214630584E-6	6.868888469310456E-7	7.079920116777102E-7	0.974492889932658	3.8517460359711193E-7	8.543525329993385E-7	2.1770647617251883E-4	0.023551731330164093	2.7122873160916373E-7	3.1464234128485775E-7	1.6534023754427104E-6	4.6228027974769153E-7
182	182	9.249670553062148E-7	4.485148636352652E-7	8.966985063865595E-7	3.419853177157173E-6	2.6841919241847544E-6	1.142041063516419E-6	0.085246319247071	0.6976530035466268	6.404023240396555E-7	0.08951932649270977	0.11334504985077107	0.014221652513329434	4.509526548394139E-7	5.231333652798811E-7	2.748994128682835E-6	7.686004288532578E-7
183	183	1.0901305622712035E-6	5.28602351485738E-7	1.056814338788873E-6	4.030507298084373E-6	3.1634852666040565E-6	1.3459656314957104E-6	0.07132692498705846	0.7326572863224781	7.547535250907055E-7	0.07859184987795184	0.11740378192468275	2.8929070457188645E-6	5.314754383495708E-7	6.165448448827061E-7	3.239858650089071E-6	9.058428760906599E-7
184	184	3.662791007037936E-7	0.008765179578945386	3.55084995338533E-7	1.3542328227608653E-6	1.0629172125285005E-6	4.522385649433923E-7	4.6613261051340816E-7	0.09941133525326767	2.5359388314669243E-7	5.624944490009452E-7	0.17391782035180733	0.0027192321090030703	1.7857342261761626E-7	0.19185944333513602	0.5233216334655346	3.0435924421948415E-7
185	185	7.497253524591761E-7	3.635404767046617E-7	7.268124847189496E-7	2.77193724240696E-6	2.1756523379757265E-6	9.256731187947497E-7	9.541124105590043E-7	1.3918479148764806E-6	5.190734689976156E-7	5.792607145930905E-5	0.17487564900537117	1.9895651305881216E-6	3.6551641072227617E-7	0.8250506403060098	2.228177295841789E-6	6.229835150523451E-7
186	186	8.070768078614283E-8	3.91350094411002E-8	7.824111831842369E-8	2.9839810723432043E-7	2.342082388157356E-7	9.964839836207615E-8	1.0270987850805859E-7	1.49831957593866E-7	5.5878083491509683E-8	1.2394270474814288E-7	0.12908791501989889	2.4661293249509246E-5	3.934771807023355E-8	0.8708858147114587	2.398625327766572E-7	6.706396482785567E-8
187	187	7.283516015374287E-8	3.5317638327555253E-8	0.844407500693649	2.6929127089620305E-7	2.1136271563386383E-7	8.992833126995192E-8	9.26911835111282E-8	1.3521680366971667E-7	5.0427532058226444E-8	1.118528826784107E-7	0.15559088340759467	1.9328450671618288E-7	3.5509598583606504E-8	4.119336166985169E-8	2.1646546920314715E-7	6.052230185779932E-8
188	188	5.604126064064874E-7	2.717430661989118E-7	0.8211443411265027	2.0719968582055953E-6	1.6262795347123277E-6	6.919318967707378E-7	7.131899982470758E-7	1.0403931454883488E-6	3.8800250614874403E-7	8.606250797495633E-7	0.17875834859913026	1.4871811081099396E-6	2.732200581790634E-7	3.1695240501040297E-7	8.654267182158577E-5	4.656742822869532E-7
189	189	9.687213286307987E-8	4.697312321762389E-8	0.7849529126537682	3.5816245502940733E-7	4.404333483502892E-4	1.1960637193011197E-7	1.2328101737364962E-7	1.7984089199178696E-7	6.706956606109279E-8	1.4876643765277245E-7	0.21460478593853136	2.570720291609427E-7	4.722843396849442E-8	5.4787945771458695E-8	2.879031452481622E-7	8.049579975347765E-8
190	190	1.0225961022596582E-6	4.958550131356906E-7	0.6871127975136337	3.780814148135786E-6	0.003565138482375811	1.2625819843775339E-6	1.3013720677244024E-6	1.898426201037963E-6	7.079959407031848E-7	1.5703998125632155E-6	0.3093023445020691	2.713689141040384E-6	4.985501099709612E-7	5.783493987470561E-7	3.039146816094028E-6	8.49725185596199E-7
191	191	8.046363195754625E-7	3.901667060248923E-7	0.9379421621644448	2.974957927604485E-6	0.020536749719554256	9.93470754315334E-7	1.0239929808633131E-6	1.8429273295413992E-4	5.570911592005313E-7	1.2356791920589658E-6	0.04132277275500554	2.1352837528850555E-6	3.9228736030241165E-7	4.550779438804747E-7	2.391372217581996E-6	6.686117270326656E-7
192	192	3.73462618173522E-5	1.1878370260692181E-7	0.9427812587221523	9.057064897744772E-7	0.012986164318355895	3.0245567550230203E-7	3.117479678101571E-7	4.5477425318189356E-7	1.6960276096751175E-7	3.76194450732373E-7	0.04419075179226523	6.500731773559082E-7	1.194293219361551E-7	1.3854550456034822E-7	7.280376360395865E-7	2.035544686846796E-7
193	193	7.688444589672943E-7	3.728112971075331E-7	7.453472791756013E-7	4.6862309276699086E-4	2.2311346937983663E-6	9.492791538473024E-7	9.784436896578905E-7	0.7326741019659057	5.323106109813452E-7	1.180713667482691E-6	0.19913090681892787	2.0403019871073545E-6	3.7483762036810414E-7	4.3483515103486275E-7	0.06771512039227295	6.38870517056504E-7
194	194	1.4149804684825903E-6	6.861214874922568E-7	1.3717362854987812E-6	5.231565192506828E-6	4.106177754755554E-6	1.7470522758735933E-6	1.8007266544335596E-6	0.8687969638878437	9.796638434727644E-7	1.0932571435926228E-4	0.11027811652527932	3.754969458245043E-6	6.898507305180715E-7	8.002701177692709E-7	0.020791834981675195	1.1757765735068936E-6
195	195	6.562773652808424E-7	3.182277155789101E-7	6.362204251997037E-7	2.426434779354403E-6	1.9044725904631356E-6	8.10294481200698E-7	8.351890154568467E-7	0.5897691638511255	4.5437461532220426E-7	1.0078444941743195E-6	0.3205116976574824	1.7415798434375415E-6	3.1995736333164424E-7	3.7117061054971623E-7	0.08970711111508715	5.453330056545122E-7
196	196	1.8228057269845805E-6	8.838752227790576E-7	1.7670977181763823E-6	6.739405388557111E-6	5.289659111275005E-6	2.2505871739833227E-6	2.3197315662987624E-6	0.6116420475203813	1.2620222711037738E-6	2.799280933762923E-6	0.31764456456851414	0.006216468879589111	8.886793071436015E-7	1.0309237380278368E-6	0.06446835030480218	1.5146585550689823E-6
197	197	6.485418461005161E-7	3.144767762233853E-7	6.287213164959599E-7	1.0062255354340558E-4	0.2868180617061049	0.09699771082420115	8.253446706873156E-7	0.5682312038171995	4.490189170491515E-7	9.959650650976585E-7	0.0478436686308175	1.7210519005345959E-6	3.1618603667636734E-7	3.6679563507596654E-7	1.927460785665743E-6	5.389051839009763E-7
198	198	5.543430216118804E-7	2.687999354345684E-7	5.374013665174541E-7	2.049555962905827E-6	0.2838631439956044	0.08345480041470055	7.054657480793585E-7	0.632623528003686	3.838002200390671E-7	8.513040244446146E-7	4.901392761329532E-5	1.4710740974227755E-6	2.7026093075803887E-7	3.1351963159297225E-7	1.647502689901611E-6	4.6063076700785855E-7
199	199	5.203949236364558E-7	3.966047042633387E-5	5.044907795137364E-7	1.9240406701678994E-6	1.5101509220231486E-6	6.42522745679384E-7	6.622628585318969E-7	9.6610123560567E-7	3.602962036360283E-7	7.991699643013388E-7	0.19141190062799535	1.3809851711777855E-6	2.537100873296769E-7	2.943196150768644E-7	0.0822069096746767	0.726331710781725
200	200	1.1207551353365731E-6	5.434521519553939E-7	1.0865029733936503E-6	5.982464997921533E-4	3.252355709321022E-6	1.3837772700753488E-6	1.4262908147828543E-6	2.0806561937496403E-6	7.759564940518997E-7	0.028009422929179673	0.3017335560405188	0.08020684747434982	5.464059512234374E-7	6.338651763215839E-7	3.330874617703451E-6	0.5894357461636717
201	201	5.331051744380528E-7	2.5850174148870684E-7	5.16812583673364E-7	1.9710339023451424E-6	1.5470352114259908E-6	6.58215875785743E-7	0.0076711010936326395	9.896975245903393E-7	3.6909616478683373E-7	0.031933999323324955	0.23932395232488804	0.06875262409535875	2.59906763535358E-7	3.0150814815730965E-7	1.5843839908606083E-6	0.6523093338657145
202	202	7.085711586903941E-7	3.435848820698735E-7	6.869160323293096E-7	2.6197790660631353E-6	2.0562256471257165E-6	8.748607369372131E-7	0.011752052068896495	1.3154460984011322E-6	4.905803013952503E-7	1.088152020466579E-6	0.16774459011831158	1.8803532056728652E-6	3.4545235240653E-7	0.003219893987484052	2.1058673861081882E-6	0.8172689480364203
203	203	1.231771765474867E-7	5.97283916494553E-8	1.1941267485951588E-7	4.5541931050691997E-7	3.5745184721545193E-7	1.5208476117959773E-7	1.5675723444069346E-7	2.2867560203965084E-7	8.528190239547382E-8	0.9288800017770797	0.07111733520186023	3.2687838891845524E-7	6.005303049558147E-8	6.966528215605282E-8	3.660815087134864E-7	1.0235394890684993E-7
204	204	1.1327726958890375E-6	5.492794454806024E-7	0.04709535119950644	0.03208661191778699	3.2872298584037126E-6	0.16984952435571876	1.441584553523502E-6	0.002403995653759584	7.842768700727924E-7	0.5516650207280058	0.19688379414036478	3.006067554245941E-6	5.522649175560634E-7	6.406619447666873E-7	3.366590704249775E-6	9.412763134199871E-7
205	205	1.5184623675641268E-6	7.362996744763417E-7	0.06968489145466113	0.01242444138537354	4.406475236942103E-6	0.17789007582677827	1.9324193654484037E-6	0.023690582020587866	0.002875779832754485	0.5343568697681702	0.17905736275320192	4.029581991200402E-6	7.403016485815201E-7	8.587963472187681E-7	4.512857089464357E-6	1.261764751741293E-6
206	206	1.2549585134829136E-6	0.8562631712462525	1.2166048705861023E-6	4.6399207787072725E-6	3.641804848890069E-6	1.5494758945036574E-6	1.5970801687887787E-6	2.3298016860684895E-6	8.688724036141457E-7	1.927238535325217E-6	0.143708378547331	3.3303151488348056E-6	6.118346271058178E-7	7.097665443096378E-7	3.7297259026841453E-6	1.0428064936179717E-6
207	207	6.984420579547683E-8	0.9173444978488042	6.770964939483802E-8	2.5823290432393415E-7	2.0268316808889192E-7	8.623545088394464E-8	8.888484741314681E-8	1.296641655291117E-7	4.835674033527582E-8	1.0725967705868746E-7	0.0826539187665255	1.8534733548558784E-7	3.405140739655166E-8	3.9501768428922414E-8	2.075763785886606E-7	5.803697139196693E-8
208	208	6.628992837503056E-7	0.7319608397000057	6.426399667032825E-7	2.4509178015190925E-6	1.923688950631184E-6	8.184704511101141E-7	8.436161742459966E-7	1.2306573104865299E-6	4.58959310477689E-7	1.0180137677519079E-6	0.26802413221639354	1.7591525959678208E-6	3.231857720590729E-7	3.749157671730432E-7	1.9701309668098E-6	5.508354820359828E-7
209	209	3.589902563281526E-7	0.7721466100679703	3.480189103061774E-7	1.3272839952833419E-6	1.0417654784234865E-6	2.762862224611317E-5	4.568567112062537E-7	6.664571740736484E-7	2.4854744084267053E-7	5.513009779755661E-7	0.2278180661548906	9.5266152314127E-7	1.750198650038065E-7	2.0303402139383396E-7	1.066915952561934E-6	2.9830258643818875E-7
210	210	6.189928521810718E-7	0.819229298175346	6.000753895293833E-7	2.288583858230735E-6	1.7962754515645687E-6	7.642599281332296E-7	7.877401509447214E-7	1.1491460276829613E-6	4.2856062691817897E-7	9.505867046580017E-7	0.18075666911024507	1.6426369879892874E-6	3.017799049343068E-7	3.5008361864139613E-7	1.8396414300172914E-6	5.143514776166498E-7
211	211	1.9881620331168212E-7	0.849133598257471	1.9274004574791264E-7	7.350772340109898E-7	5.769511943856427E-7	2.454749787809491E-7	2.530166632056467E-7	3.690977197387642E-7	1.376506956946604E-7	3.0532184478825294E-7	0.15084683870667046	5.276035873768591E-7	9.692960867542946E-8	1.5168269916633325E-5	5.908800453545783E-7	1.6520612085772808E-7
212	212	1.0697311371463754E-6	5.187107068854109E-7	1.0370383544058162E-6	3.955085110423616E-6	0.029570991838584755	1.3207788088612874E-6	1.361356862969802E-6	1.9859313118222218E-6	7.406299525979663E-7	0.6813591830372787	0.25275825825573467	0.036294382944850136	5.215300301704723E-7	6.050075475767027E-7	3.179231734162759E-6	8.888919946410365E-7
213	213	5.809243999569874E-7	2.81689198047004E-7	5.631703732329015E-7	2.1478345023037918E-6	0.01724649848665988	7.17257458785795E-7	7.392936330316844E-7	1.0784728195849973E-6	4.022038770890454E-7	0.7311897482701485	0.2303048070183212	0.021205622515160356	4.4275089339772144E-5	3.2855325449627667E-7	1.7265023176005728E-6	4.82718536164995E-7
214	214	8.803820778729548E-7	4.268956881641562E-7	8.534761208514904E-7	3.255010466431505E-6	2.5548093308482843E-6	1.0869927515223457E-6	1.1203882378754807E-6	1.6344091277729846E-6	6.095338482364141E-7	0.5875553142091093	0.33815637818461475	0.07427161053465393	4.2921597370667025E-7	4.979174517489204E-7	2.6164879594215813E-6	7.315525874420067E-7
215	215	3.453488517923569E-7	1.6745903789726427E-7	3.347944100365831E-7	1.2768480361051168E-6	1.002179043772148E-6	4.26396343223866E-7	4.3949644277946687E-7	6.411322195461599E-7	2.391027940114419E-7	0.6784449390611291	0.24196597663193872	0.07958253452058603	1.6836921992854054E-7	1.9531885594981437E-7	1.026373815670934E-6	2.869672752871312E-7
216	216	6.069301937529551E-7	2.9429936074546236E-7	5.883813862311116E-7	2.243984950071028E-6	1.7612704314925503E-6	7.493663692966709E-7	7.723890199300783E-7	0.01254853956787589	4.202090273156341E-7	0.052626527938289404	0.13016987487135614	0.012181333689056235	2.958989518653573E-7	3.4326134420305595E-7	0.7924651436143636	5.043280239295436E-7
217	217	4.5407835282385617E-7	2.201817776408207E-7	0.06241130838235749	1.6788503857241395E-6	1.3177047124055783E-6	0.3026674817076584	5.778673355174051E-7	0.21233533941588512	3.1438182665676435E-7	0.02857559069337291	0.361438619567947	0.032564892143996924	2.2137852103633747E-7	2.568129702034081E-7	1.3495169570785538E-6	3.773159429963233E-7
218	218	1.1201847026257167E-6	5.43175550158546E-7	1.085949974065853E-6	4.141625577150089E-6	3.2507003521199327E-6	0.8929075028190289	1.4255648730402793E-6	2.079597198510146E-6	7.7556155411145E-7	1.720266528644489E-6	0.10706794222614972	2.9726624781355596E-6	5.461278460261851E-7	6.335425568488318E-7	3.329179296595573E-6	9.308163332887085E-7
219	219	4.7312947189367533E-7	2.2941963105698413E-7	4.5866983947235704E-7	1.749287521517859E-6	1.3729897732740021E-6	0.9160724714441648	6.021120927207324E-7	8.783540089204604E-7	3.275718974359116E-7	0.00713066657071253	0.07678721735777909	1.2555556464051758E-6	2.306665845115848E-7	2.675877064214919E-7	1.406136719012056E-6	3.9314645090814286E-7
220	220	6.973088369021544E-7	3.3812380246483123E-7	6.759979060371078E-7	2.578139218753193E-6	2.0235431499295813E-6	0.915064854779835	8.874063189920439E-7	1.2945378564079647E-6	4.827828160622365E-7	1.070856484148578E-6	0.0849198598953908	1.8504660974860515E-6	3.3996159045892624E-7	3.9437676876746684E-7	2.0723958626700283E-6	5.794280650446873E-7
221	221	2.160778432886148E-7	1.0477575807833651E-7	2.0947414097465976E-7	1.7161902035690405E-5	6.270433077841339E-7	0.9121886426199247	2.7498410084740595E-7	0.018408780478972396	1.4960181794766207E-7	3.318305280547041E-7	0.06938187851685079	5.734112379814734E-7	1.0534524070234848E-7	1.2220708691572827E-7	6.421814908231583E-7	1.795496629470069E-7
222	222	2.8595140090716353E-4	6.076608959751932E-7	1.2148730443269783E-6	4.63331589256955E-6	3.636620771939206E-6	1.547270229289866E-6	1.5948067393121218E-6	0.6505377793298185	8.676355714422655E-7	1.9244951283376515E-6	0.2885101088200936	0.060644048312284995	6.109636859324911E-7	7.087561979194487E-7	3.7244166708918287E-6	1.0413220678093173E-6
223	223	0.00190849246976755	7.182937505516423E-7	1.4360570529279885E-6	5.47687348652459E-6	1.1647584251834697E-4	1.8289716245932144E-6	1.8851627968377682E-6	0.645582109780448	1.0256003189461844E-6	2.274875399763174E-6	0.2887627212320284	0.06360836144243881	7.221978579270307E-7	8.377948145129055E-7	4.4024969137740356E-6	1.2309087824691637E-6
224	224	7.345452421663874E-7	3.561796684911363E-7	7.120963041282576E-7	2.7158122722076657E-6	2.131600683138519E-6	9.069304952562998E-7	9.347939607073397E-7	1.3636663884157445E-6	5.085634969343816E-7	1.1280403945099253E-6	0.030436289527714832	0.9695486512594756	3.5811559466291725E-7	4.154365523403584E-7	2.1830621386821436E-6	6.103696179257987E-7
225	225	8.451507877028754E-8	4.0981209884529526E-8	8.193215581647978E-8	3.1247508653653843E-7	2.452570506221358E-7	1.043493277823174E-7	1.0755523375274149E-7	1.5690030459314303E-7	5.851414117983781E-8	1.2978972202841822E-7	2.0272865234949163E-5	0.9999779944565259	4.120395307788134E-8	4.779917005731404E-8	2.511780868214526E-7	7.022771828982072E-8
226	226	1.6448043029288174E-6	7.975626519915247E-7	1.5945363170217843E-6	6.08128601867958E-6	4.77311100050398E-6	2.0308118485056146E-6	0.0021195567929032273	0.5336038779142414	1.1387827189556802E-6	2.525924324681915E-6	0.2302016214719384	0.17762219295299198	8.018976058033644E-7	9.302515211562043E-7	0.056429065151161036	1.3667484537514195E-6
227	227	1.4080402022905046E-6	6.827561648822475E-7	1.365008125514415E-6	5.205905152777669E-6	4.086037570996986E-6	1.7384832474550918E-6	1.79189436126816E-6	0.6220654785954114	9.748587397954295E-7	2.162325931882943E-6	0.1710478372617329	0.19001333969196155	6.864671165324066E-7	7.96344913311257E-7	0.016851276319801076	1.1700095664108118E-6
228	228	0.9998453801479799	6.780567127786564E-7	1.3556126917756746E-6	5.170072591784923E-6	4.057913126508542E-6	1.7265171617944523E-6	1.7795606436708579E-6	2.5960020474299824E-6	9.681487279477504E-7	2.147442511312161E-6	1.2363925082092126E-4	3.7108329849101538E-6	6.817421217234756E-7	7.908636229611507E-7	4.155879935025529E-6	1.1619563195843415E-6
229	229	0.7979133275272389	8.583998086464059E-7	0.018769797149621643	6.54515948273627E-6	5.137198387173488E-6	2.1857198275284813E-6	2.2528713118137038E-6	3.2864620595342626E-6	1.2256477476728405E-6	2.7185989107540344E-6	0.18327937096106084	4.697805160149601E-6	8.630654277213244E-7	1.00121003128667E-6	5.261221478604975E-6	1.4710024450598984E-6
230	230	0.8868539971833923	1.5768940197436834E-7	3.152623529069775E-7	1.202356144844732E-6	0.007512061393199929	4.0152018792965604E-7	4.1385602175902945E-7	6.037282762173629E-7	2.2515342899077303E-7	4.994109179974918E-7	0.10562768026191231	8.629942351271444E-7	1.5854648357475246E-7	1.8392386565566905E-7	9.664947035859223E-7	2.702254748053877E-7
231	231	0.021977450789048385	4.4673125218280625E-7	8.93132600649499E-7	3.4062534287718757E-6	2.673517683831224E-6	1.1374995027227444E-6	0.8489231120017049	1.7103513960728241E-6	6.37855632699082E-7	1.41482218815852E-6	0.10208046213661529	0.027002181090458738	4.491593490096601E-7	5.210530180336071E-7	2.738062189056753E-6	7.65543931424931E-7
232	232	0.0326800060142178	4.008652568944879E-7	8.014344813594913E-7	3.056532644852021E-6	2.399027038973317E-6	1.020712180193994E-6	0.7911877727138337	0.006574932887198399	5.723668554956647E-7	1.269562084911182E-6	0.16954155955942432	2.193834217336536E-6	4.0304406048950283E-7	4.6755639080343073E-7	2.4569447457420645E-6	6.86945368686884E-7
233	233	0.002442255543855676	7.104043300681099E-7	1.4202840381687896E-6	5.416717933400093E-6	3.3708656754700706E-4	1.8088830101680108E-6	0.807126899890483	0.04915136461720572	1.0143355791959117E-6	2.249889175725178E-6	0.14058593554810012	3.887863317268412E-6	7.142655564568912E-7	8.28592847259899E-7	3.3718920799530853E-4	1.2173890254695877E-6
234	234	8.826181222897203E-7	4.2797994208532533E-7	8.556438279900586E-7	3.2632777269345383E-6	2.561298180728039E-6	0.01985207588161509	0.7606882381275464	1.6385602929281148E-6	6.110819769323908E-7	1.3554357685755427E-6	0.19865473898876412	0.0019406540028488453	4.30306120820878E-7	4.991820907800593E-7	2.6231334641862102E-6	0.018849144481711277
235	235	1.2863768735381985E-6	6.237618353094088E-7	1.2470630327153064E-6	4.7560829466890976E-6	3.732978807841078E-6	1.5882676083551316E-6	0.08523881706014357	0.6900825973805714	8.906249521849251E-7	0.04413048124585192	0.18052431876402913	3.413690845576582E-6	6.271521379256392E-7	7.275358176399781E-7	3.823100998401721E-6	1.0689135477814994E-6
236	236	0.03695121004447657	0.0031928333019276283	0.013721390206577538	0.05237223426510269	0.02499840291451349	1.1074442738268917E-6	1.141468088688258E-6	0.6413341215448953	6.210020894690481E-7	1.377439486354913E-6	0.09068908137186307	0.03403198845157449	4.372915749905202E-7	5.072856557742039E-7	2.6657165874752125E-6	0.10270088025131267
237	237	0.007884273626158312	5.486675908818366E-7	1.0969299997302728E-6	4.183501497971067E-6	3.283568139905754E-6	0.0024006142227197495	1.4399787404062617E-6	0.6264548398069674	7.834032466128069E-7	0.12296161739306948	0.24027882151641755	3.002719028695969E-6	5.516497373735097E-7	6.399482971682107E-7	3.36284058393942E-6	9.402278047859685E-7
238	238	1.010003780717547E-6	4.897490190390235E-7	0.012697475240568508	3.7342569323014163E-6	2.930962758128294E-6	1.2470344595185729E-6	1.2853468790047348E-6	0.7142945082846467	7.718419391842542E-5	0.14532289201350732	0.12758965801830668	2.6802725788671024E-6	4.924109282591038E-7	5.712275628857453E-7	3.001722544832508E-6	8.392616088860852E-7
239	239	0.023742611968599177	2.8152819367826525E-7	0.017147585509098773	0.00479451960688822	1.684839823984163E-6	7.168474977891518E-7	0.029898111715226768	0.05728972023276335	4.01973990455891E-7	8.916151110135586E-7	0.5273002982946198	0.006244815650092079	2.8305837028981863E-7	0.04049368187937894	0.25628376420454885	0.036800631075796834
240	240	0.02361298545018016	4.680889632125298E-7	9.358322503890065E-7	0.0224459535468343	0.012503282573226356	1.1918820549997567E-6	0.03333584513394367	0.09876290412223805	6.683507821100611E-7	1.4824632213423045E-6	0.45558534475859863	2.5617325687157885E-6	4.706331445759517E-7	0.047005279506954774	0.25659169437154533	0.050148931553493384
241	241	0.07177940502126078	0.010625062645157772	1.0709600426527294E-6	4.0844565686110695E-6	3.2058292471090307E-6	1.3639816921557942E-6	0.019326332890651016	0.11770842445876056	7.648560752400252E-7	1.6965207964353646E-6	0.36852615583902015	8.658932193051569E-5	5.385893597696966E-7	0.41193110343673917	3.2832249059608778E-6	9.17967792078313E-7
242	242	0.05689527027284421	5.310574041169818E-7	0.032843763371880316	4.049226676686449E-6	3.178177828613756E-6	1.3522168644988924E-6	0.013271172204925566	0.10972651371176163	7.582589193109664E-7	1.6818877006238908E-6	0.2994132749094383	2.906342928163529E-6	5.339438348099613E-7	0.4878308494610777	3.254905922356026E-6	9.100499930854842E-7
243	243	0.14480221153894077	5.232461239631419E-7	1.0461058392300172E-6	3.989666930917361E-6	3.131430269488197E-6	1.3323272166463958E-6	0.3941186767746782	0.12388378478595911	7.471057505537503E-7	1.6571489512626698E-6	0.08001386852237334	2.8635937664740035E-6	5.260900983818794E-7	0.2140153766057768	0.04314936839318313	8.966641417728362E-7
244	244	0.11778100399861335	4.253643228360894E-7	0.029495704496836802	6.967318559062869E-5	2.5456446882024253E-6	0.015744957907687162	0.408943282429383	0.11465955229858128	6.073473211119859E-7	1.3471519600631283E-6	0.05322144365922142	2.3279114121821257E-6	4.2767628502250143E-7	0.23064494066690228	0.02943103133284143	7.289283532341516E-7
245	245	5.311965917480705E-7	2.57576273170648E-7	0.952273303012264	1.963977356343034E-6	1.5414966333612906E-6	0.047547922174382376	6.76009233209272E-7	9.861542846175844E-7	3.677747547071181E-7	8.157580752283864E-7	1.676457063792798E-4	1.409649831051648E-6	2.5897626506399007E-7	3.00428711565706E-7	1.5787116995300482E-6	4.413972647791153E-7
246	246	2.8119363757359637E-7	1.3635028976212919E-7	0.9465421254329357	1.039648871098539E-6	8.160049450164573E-7	0.04622973150706815	3.5785149655027566E-7	5.220295363489848E-7	1.946848355022551E-7	0.00721911505549642	3.568541585972233E-6	7.462106682461754E-7	1.3709138791520075E-7	1.5903460893584793E-7	8.357050710923755E-7	2.3365756562899888E-7
247	247	0.013501978161223407	2.542725017314606E-7	0.6585140612982181	1.938786634320287E-6	1.5217248100942904E-6	6.474470788921818E-7	6.673384811644043E-7	9.735054939504663E-7	3.6305753554830775E-7	8.052948512790261E-7	0.32797285111593427	1.3915691251164457E-6	2.5565453679525703E-7	2.9657529842106793E-7	1.5584625416421128E-6	4.357357352493881E-7
248	248	0.005846916537197885	2.1765211166251429E-7	0.7124876964883486	1.6595620924378492E-6	1.3025656177168975E-6	5.54201586687635E-7	5.712282241690645E-7	8.333009862668997E-7	3.10769897369915E-7	6.893160829358536E-7	0.2816558775319761	1.1911549874387286E-6	2.188351056865579E-7	2.5386244886384863E-7	1.334012371866974E-6	3.729809643514173E-7
249	249	7.492574247820458E-7	3.633135794145417E-7	0.7869745962516813	2.7702071873264745E-6	0.05810320117045293	9.250953764643899E-7	9.535169183530524E-7	1.3909792178801867E-6	5.187494985705635E-7	1.1506338786538333E-6	0.1548510147904392	5.872760743767904E-5	3.652882801882596E-7	4.237573174510613E-7	2.22678661881205E-6	6.225946910274769E-7
250	250	9.413189293791774E-7	4.564438580010028E-7	0.836799023364821	3.480310474722633E-6	0.04990124749453567	1.1622304438296352E-6	1.437651255890239E-4	1.7475369944375871E-6	6.517235685084786E-7	1.4455825393747783E-6	0.11313900978039931	2.498001851627836E-6	4.5892474528577154E-7	5.323814902410343E-7	2.7975917577136915E-6	7.821880018948434E-7
251	251	3.836457268453247E-7	1.8602912381924582E-7	3.719208681761114E-7	1.4184419329620436E-6	1.1133139886861135E-6	4.736808423462349E-7	4.882336552184097E-7	0.999986960131569	2.656176927277618E-7	5.891643594154784E-7	4.868729400642162E-6	1.0180903688623173E-6	1.8704023894280352E-7	2.169784091319866E-7	1.1401917987694305E-6	3.187900244548906E-7
252	252	1.4755357098928087E-6	7.154846152790224E-7	1.430440856883158E-6	5.455454285142345E-6	4.281904975555386E-6	1.8218188006972526E-6	1.877790217996367E-6	0.9999498475020681	1.0215893554241582E-6	2.265978715472962E-6	1.8725567860550948E-5	3.915666433996141E-6	7.193734542969624E-7	8.345183291434325E-7	4.385279432265133E-6	1.2260948894406411E-6
253	253	6.015663416009482E-7	2.9169843847183536E-7	5.83181462422376E-7	2.224153339076224E-6	1.7457048948106286E-6	7.427437124343734E-7	7.655628963504944E-7	0.9735576364697407	4.164953562564923E-7	9.238248297709527E-7	7.63429260081429E-6	1.5963918160949213E-6	2.9328389292435226E-7	3.4022771180388454E-7	0.026423704532030003	4.998709364682251E-7
254	254	6.298578284093436E-7	3.0541692960631753E-7	0.098638974985289	2.3287546116222616E-6	1.8278048787815541E-6	7.776747291638548E-7	8.015670925384928E-7	0.7882495299035951	4.360830094585143E-7	9.672720377965484E-7	0.03964458946132606	0.049034668848533434	3.070769475119846E-7	3.5622852028451475E-7	0.024422975684952688	5.233797185043921E-7
255	255	8.523900832653221E-8	4.133224202598576E-8	8.263396086790269E-8	3.1515164974898895E-7	2.473578453016904E-7	1.0524315127103715E-7	1.08476518022665E-7	1.5824426320421514E-7	5.901535489074841E-8	1.309014599246643E-7	0.089601892399829	2.2620091234224795E-7	4.155689316740397E-8	4.8208602699061986E-8	2.533295992329273E-7	0.91039620470871
256	256	3.967872505236466E-7	1.9240142504525092E-7	3.846607647879898E-7	1.4670296975166598E-6	1.1514498028499558E-6	4.899064577254208E-7	5.049577673136115E-7	7.366264265699634E-7	2.7471624629974103E-7	6.093457841985659E-7	5.035504417864435E-6	1.0529643626354048E-6	1.9344717523029362E-7	2.2441085709573576E-7	1.1792482940536798E-6	0.9999861065432701
257	257	5.883527454637008E-7	2.8529118943995824E-7	5.70371696007136E-7	2.175299103163273E-6	1.7073599312386053E-6	7.264291104181289E-7	7.48747063697498E-7	1.0922633725796209E-6	4.073469032097908E-7	9.035327233847009E-7	7.466602934280963E-6	1.5613265618146575E-6	2.868418188808666E-7	3.327545018391912E-7	1.7485792965228357E-6	0.9999793989010481
258	258	3.469366637167692E-7	1.6822896504728635E-7	3.3633369575803176E-7	1.2827186058981478E-6	1.0067867667393417E-6	4.283567875536585E-7	4.4151711749420897E-7	6.440799559525123E-7	2.40202117971899E-7	5.327902878450229E-7	4.402866020920263E-6	9.206745995575048E-7	1.691433318264636E-7	1.962168743069918E-7	2.7303689168326284E-5	0.999961579459041
259	259	4.5887515404270284E-7	2.2250773793553004E-7	4.448511575493616E-7	1.6965854561727119E-6	1.3316247055768869E-6	5.665653343412304E-7	7.008277650821367E-5	8.518911948862464E-7	3.177028991543018E-7	7.046941156006848E-7	5.823442820758045E-6	1.2177286025902759E-6	2.2371712351084368E-7	2.5952589576091694E-7	1.3637730090226986E-6	0.9999144337382849
260	260	5.546457062558678E-7	2.6894670667473713E-7	0.03473607019675261	2.0506750698356135E-6	1.6095443799594395E-6	0.057837236510742344	7.058509493725611E-7	0.04044881420864772	3.8400978420500004E-7	0.8036643087124475	0.047427130971174646	1.471877339318313E-6	2.7040849973684974E-7	3.136908208645461E-7	1.648402266058827E-6	0.0158771613487128
261	261	7.33892076229849E-7	3.558629495017656E-7	7.114631000413048E-7	0.013729912984903588	2.1297052397041272E-6	9.061240424031546E-7	9.339627313455986E-7	0.09536927537791834	5.081112765214023E-7	0.8102393569445013	0.08064966421119481	1.9475479649880634E-6	3.577971542261006E-7	4.150671414597142E-7	2.1811209351394885E-6	6.098268703586763E-7
262	262	9.149057329810763E-7	4.436361465125715E-7	0.02147873863032638	0.013028660450208982	7.6477231252427E-4	1.1296185202672666E-6	1.1643235905862737E-6	0.09180219360952743	6.334363524810278E-7	0.8097856969614116	0.06312878138481896	2.4279084842784917E-6	4.460474206608687E-7	5.174429859556436E-7	2.7190919653139624E-6	7.6023998335461E-7
263	263	0.053150911196980524	0.8876593366961377	8.547868400252208E-7	0.012022110892884855	6.933012665655257E-5	0.009682940762739135	1.1221088652129395E-6	1.6369191586094125E-6	6.104699350025256E-7	1.3540782035434797E-6	0.014700896450759789	2.3398801296835324E-6	4.298751387291755E-7	4.986821245206568E-7	2.6205062100233993E-6	0.022703006567236096
264	264	0.041072551995104796	0.8876533486526058	7.664548873473898E-7	0.020119704209431443	2.294318552129838E-6	9.76161941220214E-7	1.0061523921600326E-6	1.4677632253577315E-6	5.473851998558185E-7	1.2141504856647674E-6	0.007493955016112842	2.098081623659616E-6	3.854527065699705E-7	4.471493168523272E-7	2.3497083693255714E-6	0.04364688734804505
265	265	0.096545968282506	0.7660991787446528	4.505817834002645E-7	1.718441073064819E-6	1.3487788544016722E-6	0.05895562977199476	5.91494615946562E-7	0.07838468943690202	3.2179558592358017E-7	7.137720695349562E-7	5.898461108118999E-6	1.2334155281854133E-6	2.265990742701572E-7	2.6286913940991474E-7	1.3813412961399507E-6	3.8621381600206924E-7
266	266	0.06965981086427903	0.808735168292347	9.426543537410325E-7	3.5951208389908745E-6	2.8217569066837517E-6	0.030633417074880903	1.2374556528422655E-6	0.09094119793238704	6.732229780715349E-7	1.4932701980278914E-6	1.234006843770077E-5	2.5804072877551944E-6	4.740640029929933E-7	5.499439787799666E-7	2.889880227696398E-6	8.079912427482192E-7
267	267	0.06023198184437858	0.49704633087903116	1.0294495407300827E-6	3.926142686214176E-6	3.0815710340797448E-6	1.3111136462906625E-6	1.3513947593162893E-6	0.2751824894749563	7.352101890096141E-7	1.630763506734991E-6	0.1388099620232168	2.8179990754128677E-6	5.177135905870674E-7	6.005802382766502E-7	0.02871135145286775	8.823872827405332E-7
268	268	0.03100353327788533	1.2816039858762264E-7	2.5622615281905564E-7	9.772022776307156E-7	7.669915420438428E-7	3.263312986271981E-7	3.3635711748812666E-7	4.906737900573201E-7	1.8299107512322123E-7	0.7548069130270195	0.19426915707822767	0.019915648212766597	1.288569826202338E-7	1.4948218229680637E-7	7.855083784548304E-7	2.1962290506509354E-7
269	269	4.191952347710948E-7	2.0326701635623897E-7	4.063839233486679E-7	1.5498780710697637E-6	1.2164762597483018E-6	5.175732140865358E-7	6.40225684327133E-5	7.782263351886254E-7	2.9023044770484857E-7	0.9897956177860509	5.319877223504111E-6	0.01012762290735008	2.043718237656312E-7	2.3708413463709145E-7	1.245844630408016E-6	3.4832985171741254E-7
270	270	9.630815870393218E-7	4.6699653160898244E-7	9.336481939247665E-7	3.5607729014820267E-6	2.7947977210995645E-6	1.1891004264485372E-6	1.2256329488672506E-6	1.787938869053521E-6	6.667909770857732E-7	0.9855264952726578	1.2222170898637238E-5	0.014443017029871899	4.695347753316032E-7	5.44689790600355E-7	2.862270189003837E-6	8.002716600258198E-7
271	271	0.036838436623000174	4.130977392312668E-7	8.258904125451065E-7	3.1498033410445366E-6	2.47223382198824E-6	1.0518594135857981E-6	0.03167753616477	0.12870732846344762	5.89832742921901E-7	0.14135183031622076	0.04478363777219777	2.260779500949513E-6	4.153430294474916E-7	4.818239662382768E-7	0.6166288620887537	7.079076420300342E-7
272	272	0.02958437233455499	7.229977716521514E-7	1.4454616212864354E-6	5.512740885378672E-6	4.326868376541558E-6	1.8409493441650629E-6	0.03410124924123012	0.11743099919555618	1.0323168545380734E-6	0.13425437325080466	0.015036186374869661	3.956784039595743E-6	7.269274465665283E-7	8.432814339946135E-7	0.6695711723053517	1.2389698589870785E-6
273	273	0.7647594180537507	6.077507351846738E-5	0.0210159341579636	2.9483692937825914E-6	2.314131232518062E-6	0.047285097031356395	1.0148410617212877E-6	1.48043815388612E-6	5.52112166825562E-7	0.10815683814689601	0.0346730582371822	0.024036696980039886	3.8878129896310496E-7	4.5101069281181796E-7	2.369999370714095E-6	6.626360215565851E-7
274	274	0.7242124670469887	7.935103344116448E-7	0.013633207133848066	6.05038775359628E-6	4.74885941152879E-6	0.05465242711477617	2.082568810031127E-6	1.2696185131943043E-4	1.1329967042518014E-6	0.09740663917723688	0.09618565548801127	0.013759887205182475	7.978232628572065E-7	9.255250277785638E-7	4.863507159309339E-6	1.3598041732330415E-6
275	275	4.0643506096029545E-7	1.9707963099599142E-7	3.9401372191096505E-7	1.5027002600357335E-6	1.1794470971444483E-6	0.7485583863164663	5.172357243576592E-7	0.15684673041837005	2.8139592228396144E-7	6.241619170469891E-7	0.047157441114817567	1.0785670012127444E-6	1.9815080840818436E-7	2.2986736661394301E-7	0.04743049536903669	3.3772679833625654E-7
276	276	6.213520326958372E-7	3.0129248454347167E-7	6.023624695196928E-7	2.297306386165783E-6	1.8031216340843675E-6	0.7669703207257833	7.907424815988781E-7	0.15428907782642634	4.301940090757572E-7	9.542096958174669E-7	0.04000323020387593	1.6488976049919594E-6	3.0293008505183176E-7	3.514178997219081E-7	0.03872675110529491	5.163118362531967E-7
277	277	5.23281942567621E-7	2.5373847399982775E-7	5.072895662906649E-7	1.934714759377476E-6	1.518528855978252E-6	0.9999818886139044	6.659369247518911E-7	9.714609200105935E-7	3.62295035510589E-7	8.036035563895052E-7	6.640809476893479E-6	1.3886465263366492E-6	2.551176064884534E-7	2.9595242558662596E-7	1.5551894302742669E-6	4.3482059513513247E-7
278	278	6.533550170758609E-7	3.1681067418361615E-7	6.333873888709873E-7	2.4156300682717396E-6	1.8959921333414812E-6	0.9981962200991891	8.314699886409575E-7	1.2129385983924576E-6	4.5235132317208145E-7	0.0017821698935918742	8.291526682315425E-6	1.7338247340911697E-6	3.185326199596056E-7	3.6951781887219476E-7	1.941765488385332E-6	5.429046834016037E-7
279	279	5.294501784586228E-7	2.567294405036098E-7	5.132692905184323E-7	1.957520394441218E-6	1.5364286599443646E-6	6.537031145240842E-7	6.737867198742732E-7	0.9701120768660332	3.665656228543887E-7	8.130761100846251E-7	0.014159852505983825	1.4050153299334937E-6	2.581248296482038E-7	2.994409930777477E-7	0.01571836757121467	4.399460844419084E-7
280	280	8.74204151629316E-7	4.239000228257869E-7	8.474870024245609E-7	3.2321690035152324E-6	2.536881406133285E-6	1.0793649712493763E-6	1.1125261106561733E-6	0.9999702863701551	6.052565517624743E-7	1.3425144422387675E-6	1.1094254822541256E-5	2.3198976683821898E-6	4.262040261729836E-7	4.944234036876998E-7	2.598127215788851E-6	7.264190459466152E-7
281	281	1.0725984728836666E-6	5.201010728339386E-7	0.036795986043006844	0.003983992982280773	3.112608327281572E-6	1.324319059442202E-6	1.3650058800441416E-6	0.9015187862890909	7.426151567838119E-7	1.6471884031730794E-6	1.3612015864099627E-5	0.053205252071190014	5.229279531079755E-7	6.066292258678715E-7	3.280879408480527E-4	0.004143368664167944
282	282	1.1620802114896572E-6	5.634906071513808E-7	0.05816996098960702	4.296524595742196E-6	0.05465215620813459	0.029217853906448505	1.4788817641159976E-6	0.6784918902240531	8.045679723285933E-7	1.7846054197489915E-6	0.13914474340303523	0.02314741584414453	5.665533204683938E-7	6.572373883743185E-7	3.4536923884126914E-6	0.01716121179090916
283	283	0.8275862365981741	2.4552683302260276E-7	4.908723484986404E-7	1.8721023271873274E-6	1.4693852886576017E-6	6.251782231568935E-7	6.443854633068146E-7	9.400219026129515E-7	3.505702201424397E-7	7.775968425117498E-7	0.1724025452120282	1.3437062910668694E-6	2.4686133317511437E-7	2.8637463067461775E-7	1.5048594308395102E-6	4.2074866287957936E-7
284	284	0.9164375658536562	4.089294246501372E-7	8.175568616149242E-7	3.1180206176178747E-6	2.447288034806417E-6	1.0412457487927951E-6	1.0732357580595264E-6	1.5656236471663126E-6	5.83881104388792E-7	1.2951017430702588E-6	0.0833521604876333	1.93827526084595E-4	4.111520590271784E-7	4.769621776752454E-7	2.5063708665027376E-6	7.007645824919744E-7
285	285	0.8380721817019839	1.839555109001043E-7	3.677751736670212E-7	1.4026309703726585E-6	1.1009041991724909E-6	4.6840085879272763E-7	4.827914556625795E-7	7.042904729542725E-7	2.6265692901568835E-7	5.825971144481328E-7	0.1619194133191784	1.006742009538872E-6	1.8495535541538355E-7	2.14559813467428E-7	1.1274824100689558E-6	3.152365641168986E-7
286	286	0.8921403761223038	3.100607104278495E-7	6.19892446097181E-7	2.3641626881078878E-6	1.8555961516901296E-6	7.894990605698977E-7	4.923644991831411E-5	9.803248618077046E-5	4.427135322606711E-7	9.819791443872463E-7	0.10770018903130482	1.6968838887609892E-6	3.117459684514225E-7	3.616448774350901E-7	1.9003942602770168E-6	5.31337563874334E-7
287	287	0.9924647295437022	2.765670173380158E-7	5.529297944615213E-7	2.1087787041756576E-6	1.6551490588687768E-6	7.042149909018917E-7	7.258504637101514E-7	1.0588620829648284E-6	3.9489028127284374E-7	8.759027955414373E-7	7.23827506638077E-6	0.007516909338088062	2.780702287071099E-7	3.22578907046236E-7	1.6951079406541005E-6	4.739408776997144E-7
288	288	0.9918028296141587	5.277310389834137E-7	1.055072357234243E-6	4.0238636814041605E-6	3.1582707906261056E-6	1.3437470324313575E-6	1.3850307352166603E-6	2.020466477028318E-6	7.535094402304387E-7	1.6713529212148086E-6	1.3811706319847557E-5	0.008162134639052037	5.305993900444304E-7	6.155285738992723E-7	3.2345182853713357E-6	9.043497457236443E-7
