0	0	1.314850038816477E-6	4.854979024062378E-7	6.744590242779967E-7	9.622034266925964E-7	4.2517864675855984E-7	0.30412341566698725	1.8422901811617149E-6	1.0296987349429062E-6	0.006194926705027479	2.9829778325470267E-7	2.4030820847519176E-6	0.6896698257434212	1.963795362397328E-6	4.3253137867271965E-7
1	1	1.7711276748834582E-6	6.539747847013415E-7	9.085089616370969E-7	1.2961060710899971E-6	5.727236154789293E-7	3.2533940509847265E-6	2.481599443810796E-6	1.3870235178237068E-6	3.256615698033989E-6	4.0181271147418896E-7	3.2369966609666127E-6	0.9999775522197228	2.645269202927837E-6	5.826278833381669E-7
2	2	0.001841916731896181	2.2595453131046268E-7	3.13898519362354E-7	4.4781702088946727E-7	1.978814766766185E-7	1.124078703270214E-6	8.574162985238764E-7	4.792298666829653E-7	1.1251918130813153E-6	1.388301277352755E-7	5.081443700187849E-4	0.9976172277537969	9.139657627786432E-7	2.6886880167894748E-5
3	3	2.4529844986536316E-6	9.057449850351946E-7	1.2582708922609697E-6	1.7950869076696166E-6	7.932133694851328E-7	4.505900556041282E-6	3.4369769350117057E-6	1.921006168408192E-6	0.0029996667724707204	5.565044048408458E-7	0.01369662677891867	0.9832816101722398	3.663657025727861E-6	8.069306276330085E-7
4	4	5.38736422055586E-7	1.9892413213392757E-7	2.763475916156137E-7	3.9424574368389016E-7	1.742093897607694E-7	9.896078613755336E-7	7.548456411657233E-7	4.2190074600266486E-7	9.90587812527028E-7	1.2222221220178386E-7	0.01581193855595891	0.9841822179642192	8.046302285084829E-7	1.7722204091248092E-7
5	5	1.2860185619354165E-6	4.748521092467165E-7	6.596697713657808E-7	9.411046359312289E-7	4.158555087865869E-7	0.7034794450404578	1.8018932193802942E-6	1.0071199355402866E-6	0.030846783918667887	2.9175683532324055E-7	2.35038831472155E-6	0.2384069481054632	0.02725717122950581	4.230470130976456E-7
6	6	2.583129837454027E-6	9.538001146166756E-7	0.09856592427997782	1.8903268873364446E-6	8.352980311571928E-7	0.5472354000032967	3.6193288935755516E-6	2.022926909759129E-6	4.7496638994511256E-6	5.860302556367545E-7	4.721050197147484E-6	0.19545484027575508	0.15872102414287317	8.49743070997145E-7
7	7	1.2139884435080794E-6	4.4825556182749694E-7	0.018370687967795382	8.883932051750321E-7	3.9256337099545076E-7	0.08894087440180609	1.7009688736305347E-6	9.507109766226764E-7	2.2321901907045766E-6	2.7541548534405297E-7	2.218742665373508E-6	7.20020128829667E-6	0.04425937668617173	0.8484115395141653
8	8	2.2616215344873155E-6	8.350857349623776E-7	0.018444017530104276	1.6550480481593555E-6	7.313329696357493E-7	0.5154179130799399	3.1688504570759107E-6	1.771144057673233E-6	4.158498733134951E-6	5.130902159047121E-7	4.133446424740298E-6	0.32014985858221495	0.14596823870945216	7.439801129170806E-7
9	9	1.71048902566871E-6	6.31584446541556E-7	1.5005958752932353E-4	1.2517308843067498E-6	5.531150988775982E-7	0.4501603806322883	2.3966361516107243E-6	1.3395355621316068E-6	3.145117933225295E-6	3.88055724664803E-7	3.1261705992336087E-6	0.42771546497411334	0.12195898969037154	5.626802712368546E-7
10	10	1.6574512834547531E-6	6.120006827410724E-7	8.501980776708461E-7	1.2129180191162499E-6	5.359644620780149E-7	3.0445812698079574E-6	2.3223228011698557E-6	1.2980001060341971E-6	0.9994662626562011	3.76023142648455E-7	3.029236314435037E-6	5.157779268614503E-4	2.475487734538716E-6	5.452330437323855E-7
11	11	1.1422125090919774E-6	4.2175286982953214E-7	5.859037241187809E-7	8.358677855375188E-7	3.693534278354393E-7	2.0981363651746327E-6	1.6004006754978288E-6	8.945010768730968E-7	0.9999808489888908	2.5913180165748575E-7	2.0875615747398425E-6	6.774496102868292E-6	1.7059524371661997E-6	3.757407588012677E-7
12	12	2.743195989361138E-6	1.0129032660810742E-6	1.4071363545406327E-6	2.0074628308400495E-6	8.870580858026448E-7	5.03899162044314E-6	3.843604127472373E-6	2.1482795425766998E-6	0.8264971337356235	6.223441902136437E-7	5.0135946628033464E-6	0.17347314219284218	4.09710263757787E-6	9.023982265809242E-7
13	13	1.1389222080229011E-6	4.2053795237114317E-7	5.842159474270545E-7	8.334599528037072E-7	3.682894542151188E-7	2.0920923932600807E-6	1.595790500060574E-6	8.919243428362184E-7	0.798038228014808	2.5838533667199623E-7	2.081548064971341E-6	0.1992674575583497	0.0026836746023041025	3.7465838559090756E-7
14	14	3.036314912112468E-6	1.1211350932477994E-6	1.5574931988954693E-6	2.221966404307365E-6	9.818429686680075E-7	5.577423362566406E-6	4.254305041915475E-6	2.377829814497101E-6	0.7927309252123658	6.88843579729905E-7	5.549312661944555E-6	0.20723617460769875	4.5348906469603665E-6	9.988222506367893E-7
15	15	1.1222564893427143E-6	4.143842685117988E-7	5.756671821472906E-7	8.212640284404963E-7	3.6290031666595846E-7	2.061479044048498E-6	1.5724394798072312E-6	8.788729157264398E-7	0.7826901693867191	2.546044135310416E-7	2.051089009712141E-6	0.2172976703329734	1.6761471073730105E-6	3.6917605219583735E-7
16	16	1.0998118188358912E-6	4.060967527270557E-7	5.641540740943761E-7	8.04839083971475E-7	3.5564245884848253E-7	2.020250306821514E-6	0.10129443228741968	8.612958170879603E-7	2.0222508432882764E-6	2.4951242945649733E-7	2.0100680689197937E-6	0.5607624344907122	1.6426248511836209E-6	0.3379310966753629
17	17	5.811718503631114E-7	2.145930759851658E-7	2.9811506070043394E-7	4.25299866454744E-7	1.87931591874901E-7	1.067557730244121E-6	0.10416371465182901	4.5513321020394406E-7	1.0686148706204973E-6	1.318494653651885E-7	1.0621771460925126E-6	0.5529791945621881	8.68009697536505E-7	0.34285073033241753
18	18	1.889013898238454E-6	6.975033335638116E-7	9.68979300331688E-7	1.3823748657991846E-6	6.108440881091548E-7	3.469939895304751E-6	0.1790885346769053	1.4793437760069892E-6	3.4733759751185205E-6	4.285573576809282E-7	3.452451095328153E-6	0.7901638426004916	2.8213382692705345E-6	0.03072694900074836
19	19	6.146643635307404E-7	2.2695991966251297E-7	3.152952159156934E-7	4.4980958998751084E-7	1.9876195351673034E-7	1.129080309692981E-6	0.16664328496507627	4.813622077478837E-7	1.1301983723042413E-6	1.3944785464045944E-7	1.12338964637041E-6	0.8091454897695604	9.180324682646592E-7	0.02420449826346178
20	20	1.6313922612865302E-6	6.023785963981934E-7	8.368309695244003E-7	1.1938481026342971E-6	5.27537843487115E-7	2.9967133103723653E-6	0.8391202419463387	1.277592499563256E-6	2.9996807814018658E-6	3.701111767838435E-7	2.9816096136935764E-6	0.16086136713054436	2.4365672604376326E-6	5.366607012959583E-7
21	21	5.404122991489006E-7	1.9954293640017474E-7	2.772072413062995E-7	3.954721456569656E-7	1.747513125151776E-7	9.926862891156062E-7	0.835969068065936	4.232131759163142E-7	9.936692886551807E-7	1.2260241557645394E-7	9.876830635630986E-7	0.16402483978732482	8.071332361265695E-7	1.7777333528694042E-7
22	22	3.640400063837796E-5	3.013332144055885E-7	4.186154147386783E-7	5.972092774043401E-7	2.6389495750523546E-7	0.7428280435776882	0.006442556020458376	6.391014835118418E-7	1.5005570540772997E-6	1.8514401284269314E-7	1.4915171527823976E-6	0.25068611170432353	1.2188657583340598E-6	2.6845856598093683E-7
23	23	1.1418712517741022E-6	4.2162686328344846E-7	5.857286744394661E-7	8.356180544267837E-7	3.6924307660120935E-7	0.8572690155563097	0.011404604350541572	8.942338279716004E-7	2.0995865495162297E-6	2.59054381192462E-7	2.0869378767342395E-6	0.1313156051213415	1.705442752016986E-6	3.756284992326285E-7
24	24	3.0076419792158754E-6	1.1105478411915415E-6	1.5427852719275912E-6	2.200983635571805E-6	9.725710985325008E-7	0.16644426939347992	0.00918523235305227	2.355375175672053E-6	0.04276284366248862	6.823386004014919E-7	0.5067977028088523	0.24292134910878324	0.03187574103970162	9.89390039487055E-7
25	25	1.334903721101562E-6	4.929025648373189E-7	6.84745662744657E-7	9.768786529487266E-7	4.316633387346678E-7	0.13237778811704326	0.004600661745289856	1.0454033785678824E-6	0.02334568659837625	3.0284732791389395E-7	0.47856780361296014	0.34340374286450387	0.01769860858896761	4.3912821222039936E-7
26	26	1.256906895325808E-6	4.6410285826199076E-7	6.447367937052284E-7	9.19800803143034E-7	4.0644176680191074E-7	0.03880868041050416	0.011402503040128104	9.843217111078063E-7	2.311105395919315E-6	2.8515232122647494E-7	0.4044545796300881	0.5453246736259251	1.8772543325380431E-6	4.134704766696218E-7
27	27	2.7811229949743514E-6	1.0269075107676691E-6	1.4265912052418573E-6	2.035217703021574E-6	8.993224143923488E-7	0.9999533649866521	3.896745206667216E-6	2.177981324945168E-6	5.113718752202739E-6	6.309486252183335E-7	5.082911851096118E-6	1.6494922565704432E-5	4.153748548163908E-6	9.148746455964169E-7
28	28	2.078370245815656E-6	7.674216564463116E-7	1.066110603261657E-6	1.5209452891371795E-6	6.720756150827457E-7	0.9999651490335628	2.9120895795321023E-6	1.6276344447505973E-6	3.8215501145593E-6	4.7151630893770367E-7	3.79852770715715E-6	1.23268752692865E-5	3.1041515987262052E-6	6.836980045452007E-7
29	29	1.7010993979367091E-6	6.281174013016554E-7	8.72587600305361E-7	1.244859582095563E-6	5.500788064527585E-7	0.11357519780226863	7.656510833598107E-5	1.3321822613658946E-6	0.05608443890519425	3.8592551585364166E-7	0.014839434684856602	0.06491901409966946	2.540678412005028E-6	0.7504960938706977
30	30	2.5312358657217174E-6	9.346386789549762E-7	1.2984103295527437E-6	3.329991350754696E-4	8.185172515818043E-7	0.9276571740134828	3.546618126749266E-6	1.9822871748339047E-6	0.07197388864439089	5.742571588766374E-7	4.626206321347939E-6	1.501283462689812E-5	3.780529419699024E-6	8.326720967601264E-7
31	31	2.0878316384770654E-6	7.709152003146988E-7	1.0709638728166164E-6	1.5278691087145714E-6	6.751351138920931E-7	3.835149282801384E-6	2.9253463238646493E-6	1.6350439467977055E-6	3.838947008246502E-6	0.04716244019380607	3.815819795631286E-6	1.2382991068406381E-5	0.9528023069834218	6.868104121135093E-7
32	32	1.2263234636453429E-6	4.528101697493027E-7	6.290488666555048E-7	8.974199369649787E-7	3.9655210508289244E-7	0.875376685640333	1.718251974982357E-6	9.603709030446039E-7	0.0521963685374641	2.782139103010616E-7	2.241286731260743E-6	0.07241591055792804	1.8315764228698395E-6	4.0340979029568244E-7
33	33	1.8412365581222786E-6	6.798619313322449E-7	9.444716703768993E-7	1.347411547534068E-6	5.953944898913962E-7	0.18869131348837961	2.579831868338351E-6	1.4419278995007642E-6	0.7408644673164191	4.177181941065867E-7	0.002572732706267973	0.06785828296357913	2.749980383444803E-6	6.056908114510847E-7
34	34	1.2892722135221136E-6	4.7605349417569597E-7	6.613387485188557E-7	9.434856486806386E-7	4.1690763118672076E-7	0.16293560141821603	1.806452043728422E-6	1.0096679682617845E-6	0.7141424421947017	2.9249498570324013E-7	2.3563348421636105E-6	0.1229103546685958	1.92559358028498E-6	4.241173301413912E-7
35	35	5.622485171850454E-7	2.0760578595720568E-7	2.884082405653758E-7	4.114518263810865E-7	1.8181241709809252E-7	1.0327973566926364E-6	7.877893995539673E-7	4.403137770677541E-7	0.427187934427656	1.2755636107788271E-7	0.04011339454335402	0.5326936063420213	8.397467376253996E-7	1.8495654950403343E-7
36	36	2.2875668065294566E-6	8.446658199773631E-7	1.1734190445713175E-6	1.6740347226305302E-6	7.397228052299208E-7	0.8927235877649635	3.2052034391801136E-6	1.791462582988553E-6	0.10724225957963322	5.18976375472443E-7	4.180865230374289E-6	1.3567626245141003E-5	3.416597294912988E-6	7.525150362582452E-7
37	37	5.083312003090868E-7	1.8769724621969116E-7	2.607510782591865E-7	3.719952910161747E-7	1.643773551903427E-7	9.337563443156803E-7	7.122436410699248E-7	3.980894995154153E-7	9.346809889557859E-7	0.9999906576614097	9.290501308291835E-7	3.0149273520020297E-6	7.592184844344717E-7	1.672199782493496E-7
38	38	1.0110274812595222E-6	3.733138433553879E-7	5.186116959332692E-7	7.398669644668731E-7	3.2693256540842565E-7	0.875519976352621	1.4165919660964887E-6	7.917661236733249E-7	0.12437675144915136	2.2937007838609923E-7	1.8478016166722166E-6	9.417430866134825E-5	1.5100209304027142E-6	3.325863006695516E-7
39	39	2.3833830983014787E-6	8.800452224174567E-7	1.2225684994526234E-6	1.7441528057231114E-6	7.707065981115195E-7	4.378049365493543E-6	0.08512585089869315	1.8664992118906437E-6	0.8039392126808987	5.407140539844404E-7	4.355983614514861E-6	0.11091245057950103	3.5597037966957895E-6	7.840346404381748E-7
40	40	6.620070790592992E-7	2.444408402274312E-7	3.395799029746101E-7	4.844548512459852E-7	2.1407100863941695E-7	1.2160444011259774E-6	9.275652018144129E-7	5.184377166267507E-7	1.2172485792228403E-6	0.996841129983707	1.2099154311911578E-6	0.0031506297370630524	9.88741220178273E-7	2.1777299778943472E-7
41	41	1.0921642067809007E-6	4.032729328985552E-7	5.602311925395271E-7	7.992425837561719E-7	3.5316947619001737E-7	0.04591458057184402	0.06348852367274962	8.553067413562166E-7	0.7696567818515999	2.477774287675602E-7	1.9960909316205296E-6	0.12093181616862497	1.6312027538769784E-6	3.59276933604651E-7
42	42	2.8256734548575967E-6	1.0433574131793675E-6	1.4494435905458392E-6	2.0678195997359513E-6	9.137285471728443E-7	0.25926451117977395	3.959166678611666E-6	2.2128701341847327E-6	0.703973113444914	6.410557119839936E-7	5.164334377507762E-6	0.036736948108972295	4.220286924350241E-6	9.295299076148511E-7
43	43	7.31365491479912E-7	2.7005088148715113E-7	3.7515765388587326E-7	5.352111353323007E-7	2.3649920582064266E-7	1.343449245821781E-6	1.024746110976096E-6	5.72754381964068E-7	1.3447795855318833E-6	0.9960317741537349	1.3366781443480407E-6	0.003959122233842078	1.0923315343843265E-6	2.405890519866434E-7
44	44	1.375664930731721E-6	5.079533167791875E-7	7.056543328316988E-7	1.006707587370463E-6	4.448441543707937E-7	0.18501188961578705	0.0049811029543377575	1.0773247116110763E-6	0.768295301015668	3.12094753944623E-7	2.5142302559754535E-6	0.04170125477770166	2.0546254944900722E-6	4.5253696734624617E-7
45	45	2.3178567416851255E-6	8.558501372363374E-7	1.1889564210837942E-6	1.6962008089070422E-6	7.49517559962167E-7	0.039727602683946095	3.247643906517015E-6	1.8151835450682814E-6	0.35316804671161944	5.258482013424089E-7	4.236224547689596E-6	0.607083493006538	3.4618368526039628E-6	7.624791743926454E-7
46	46	7.320425644369957E-7	2.7030088528282045E-7	3.7550496190771485E-7	5.357066153491801E-7	2.3671814863172458E-7	6.519059113665744E-5	1.0256947855959699E-6	5.732846182243192E-7	0.11818010354061438	0.881743942779461	1.337915594890083E-6	4.341766055297853E-6	1.0933427772590824E-6	2.4081178103630224E-7
47	47	1.2141812785741441E-6	4.4832676463946864E-7	6.228204709799835E-7	8.885343213144218E-7	3.9262572742395333E-7	0.0015906726899533215	1.7012390627306658E-6	9.508619915808221E-7	0.2804682041410918	2.754592335062333E-7	2.2190950998556864E-6	0.7179301971680393	1.8134414523193934E-6	3.9941551270211586E-7
48	48	1.4755109794211382E-6	5.448206748589702E-7	7.568708720483639E-7	1.0797746348317458E-6	4.771310362300877E-7	0.10803655037842465	2.06739879783605E-6	1.1555171647345393E-6	0.004185083278597855	3.3474665652782815E-7	2.69671361434747E-6	0.8877007445684695	6.654790788205226E-5	4.853821951819089E-7
49	49	1.0052657384896354E-6	3.7118636573710197E-7	5.156561806334281E-7	7.356505378986413E-7	3.25069409975068E-7	4.56842571437949E-5	1.4085189525831782E-6	7.872539290761682E-7	1.8484066570053986E-6	0.9626318222287942	1.8372711832246678E-6	0.035339131571648176	1.5014154747257954E-6	0.001973026247984433
50	50	1.2457768320177468E-6	4.5999317105037823E-7	6.390275710431032E-7	9.116558552492334E-7	4.0284267556264046E-7	2.288374232765477E-6	1.7455088852648869E-6	9.756054227328514E-7	2.290640276773385E-6	2.826272627678939E-7	2.276840626871441E-6	0.0355365266508676	1.860631017283603E-6	0.9644480938253029
51	51	2.610774424747034E-6	9.640076582508698E-7	0.006035430700751842	1.910557115756088E-6	8.442373686241633E-7	0.19651124693386465	3.6580628557983593E-6	2.0445762201164154E-6	4.8004946770516174E-6	5.923019359539395E-7	4.7715747516616875E-6	0.7974263676170764	3.899324300281968E-6	8.588369988989501E-7
52	52	9.495689479335905E-7	3.506207695189514E-7	4.870862282397246E-7	6.948917888803539E-7	3.070589256321311E-7	0.18953005343231621	0.0031898119755582677	7.436360919975291E-7	1.745995608368342E-6	2.1542708586832696E-7	1.735477095981162E-6	0.8072711742311153	1.4182294871489695E-6	3.12368980544896E-7
53	53	8.996140383226228E-7	3.3217531709849993E-7	3.96918759770359E-5	6.583349316047836E-7	2.909051740708841E-7	1.652505915844691E-6	1.5818214352962374E-4	7.045148951217991E-7	0.3627260654453566	2.0409390082081096E-7	1.644177141775302E-6	0.6370680346586537	1.3436192906041994E-6	2.959358776908611E-7
54	54	3.2561994323823984E-6	1.2023257007019726E-6	1.6702840834959542E-6	2.382877255457224E-6	1.0529462884471028E-6	0.9973894615451463	4.562394238952253E-6	2.550028016323429E-6	5.98725339669465E-6	0.0017046968381116303	5.951184005273231E-6	8.712916697905692E-4	4.863299353977426E-6	1.0711551797872118E-6
55	55	9.22671387738155E-7	3.406890596895294E-7	4.732889877413317E-7	6.7520823271374E-7	2.9836115181201075E-7	0.8599233588673315	1.2927926287311869E-6	7.225718010984538E-7	1.6965384077308817E-6	0.001488937640822238	1.6863178435029337E-6	0.13857791347493795	1.3780566138841637E-6	3.035207937168861E-7
56	56	1.2750070434206318E-6	4.7078619375566356E-7	6.540213568591456E-7	9.330464387716867E-7	4.122947509794933E-7	0.9226938257989445	0.02313162420073616	9.984964831694897E-7	2.3443865801378508E-6	2.8925867091949977E-7	2.330263142962334E-6	0.029698267275400318	0.02446615573957989	4.194246781211283E-7
57	57	2.2334267816714207E-6	8.246750470916144E-7	1.145647643071413E-6	1.6344152102133459E-6	7.222157269890176E-7	0.6839145156196917	3.1293456354311854E-6	1.7490638960962615E-6	0.014808205599664727	5.066937204747343E-7	4.081916361709785E-6	0.30125718093900145	3.3357364160313263E-6	7.347052032720441E-7
58	58	1.0198403621277913E-6	3.7656792941036644E-7	5.23132308060901E-7	7.46316205003927E-7	3.2978235713447517E-7	0.5468894282160404	1.4289400540244278E-6	7.986677565693679E-7	0.01903642619199896	2.3136944162105697E-7	1.8639084543376384E-6	0.43406496839830194	1.5231834159087E-6	3.3548537463198E-7
59	59	2.9131472702124467E-7	1.0756564226606895E-7	1.4943137296585934E-7	2.1318326828979464E-7	9.420146614379056E-8	5.351176051819757E-7	4.0817298199430137E-7	2.2813735181087224E-7	5.356475010466409E-7	0.0010163594752365744	5.324205657394058E-7	0.9989800144084114	4.350933513583852E-7	9.583051814759313E-8
60	60	4.753693658713033E-7	1.7552635143581895E-7	2.4384313740128354E-7	3.47873916631414E-7	1.5371859734937144E-7	8.732085715095866E-7	0.0021773088451432065	3.7227609249560486E-7	8.740732592091731E-7	1.0784623636186067E-7	8.688075240834781E-7	0.9978173322465995	7.099883093619646E-7	1.563768955615402E-7
61	61	1.6313922612865302E-6	6.023785963981934E-7	8.368309695244003E-7	1.1938481026342971E-6	5.27537843487115E-7	1.4528038539785005E-4	2.2858104391103723E-6	1.277592499563256E-6	2.9996807814018658E-6	6.406466355704334E-4	7.412344565743242E-5	0.9991256212339191	2.4365672604376326E-6	5.366607012959583E-7
62	62	4.4961675674644213E-7	1.6601740566823783E-7	2.3063320538607005E-7	3.290282323216499E-7	1.4539106251652736E-7	2.043281367792813E-5	6.299764321301135E-7	3.521084473235231E-7	8.267213080592513E-7	1.0200378590120922E-7	8.217408383044085E-7	0.9999746945180187	6.715254787150909E-7	1.4790535036599672E-7
63	63	3.9878118815242123E-4	1.1169939302149143E-6	1.5517402496763422E-6	2.213759074798863E-6	9.782163122280887E-7	5.556821902861046E-6	0.02546454695407217	2.369046768648664E-6	5.562324500642342E-6	6.862991820163753E-7	5.52881503539449E-6	0.9619690745191204	0.012141038188821158	9.951328774241663E-7
64	64	1.1296090497428382E-6	4.170991428671957E-7	5.794387154530024E-7	8.266446107146024E-7	3.65277889460457E-7	2.0749850022041367E-6	1.5827414529841419E-6	8.846309276054324E-7	2.077039739258688E-6	2.5627247635482765E-7	5.132457533341891E-5	0.09256633075728406	1.6871285300366222E-6	0.9073704637998458
65	65	1.4640184533266168E-6	5.405771511509271E-7	7.509757222538084E-7	1.0713644377270963E-6	4.7341473661533897E-7	2.6892634529569344E-6	0.02700763631200001	1.1465170208158616E-6	0.30702363363149976	2.557041016915846E-4	2.675709330397988E-6	0.6656995459269036	2.186585971199266E-6	4.816016285702442E-7
66	66	6.077410782373514E-7	2.2440355172056438E-7	3.117438814623892E-7	4.447431499855273E-7	1.9652319397361453E-7	1.1163628893137505E-6	0.030664132500679724	4.7594037415637514E-7	0.25294005746463544	4.7718114205216297E-4	1.110736322900043E-6	0.7159130330842772	9.076921897915728E-7	1.9992172391207347E-7
67	67	9.861152890341757E-7	3.6411521483297973E-7	5.058328600471197E-7	7.216362947950454E-7	3.188767933694362E-7	0.020901058126444334	0.017159405233055626	7.722566343309632E-7	0.6576830465812591	0.0023653648086727447	1.8022709165457497E-6	0.30188385694204223	1.4728133051108425E-6	3.2439121793700815E-7
68	68	2.3925839798846727E-6	8.834425746455098E-7	1.227288138523163E-6	1.7508859840526425E-6	7.736818563273153E-7	4.394950514874853E-6	0.02473096607816848	1.8737046998526796E-6	0.7118884013520949	0.0074083933284121795	4.372799580627924E-6	0.2559502093968641	3.573445780990293E-6	7.870613506170523E-7
69	69	7.502936735326244E-7	2.7703996192344714E-7	3.8486696127587796E-7	5.49062723798294E-7	2.426199485617814E-7	1.3782185262974545E-6	0.016295035764537294	5.875776124002862E-7	0.6071649745989742	0.008016287089043691	9.95278053013383E-5	0.3684186376453569	1.1206017363361686E-6	2.468156424245897E-7
70	70	1.134022146626662E-6	4.1872864373570576E-7	5.817024359765894E-7	8.298741021536139E-7	3.6670493779729055E-7	0.945385429783469	1.5889248235720927E-6	8.880869569200332E-7	0.03501445160595035	2.572736681096819E-7	0.019585260607862306	6.725918821354831E-6	1.6937197145355511E-6	3.7304646769249535E-7
71	71	0.005614007748835467	4.483505039371282E-7	6.228534498733158E-7	8.885813699905171E-7	3.926465173025581E-7	0.8387442030176494	1.701329144839711E-6	9.509123405620376E-7	0.015093234063264228	2.7547381931563174E-7	0.004503044191636092	0.1360380178573313	1.8135374756439417E-6	3.9943666210584036E-7
72	72	2.828461687008003E-6	1.044386945689145E-6	1.4508738284285687E-6	2.0698600198982003E-6	0.007771567727645694	5.1956166438173734E-6	0.003950961472103346	2.2150536829037826E-6	5.200761561023018E-6	6.416882734511661E-7	0.25989034524591015	0.7283613239532869	4.224451290783377E-6	9.304471208790803E-7
73	73	2.900985728212567E-7	1.0711658701591423E-7	1.4880754047479158E-7	2.1229329019033905E-7	9.380820243938664E-8	5.328836449229666E-7	4.064689785906637E-7	2.2718494476500846E-7	5.334113286266196E-7	6.581416788474706E-8	5.30197864835113E-7	0.0560819775623789	4.332769632476573E-7	0.9439144410755352
74	74	3.7081204135619526E-7	1.3691939228861047E-7	0.44164588760249396	2.7135917125040944E-7	1.1990824602896952E-7	0.05703364741436003	5.195599214203632E-7	2.9039409713198847E-7	6.818211538476892E-7	8.412549467638806E-8	4.918888424278637E-5	0.4441704775623591	0.057098201655173667	1.219818524860896E-7
75	75	1.356460628444658E-6	5.00862281146001E-7	0.42211367457074217	9.926539349216367E-7	4.3863412355564046E-7	0.0598057738555102	1.9005924806188828E-6	1.0622852430886815E-6	2.49415727561741E-6	3.077379066753021E-7	2.4791315653158393E-6	0.4663080188099072	0.05176055402885633	4.4621954475093046E-7
76	76	1.7274980127507257E-6	6.378648795237131E-7	0.035181313303666494	1.2641780114860723E-6	5.58615237978461E-7	0.3071350824400073	2.4204681392653086E-6	1.352855813083401E-6	3.176392773048796E-6	3.91914524521964E-7	0.11887834801029325	0.32130472528572723	0.21748843289738828	5.682755257641564E-7
77	77	1.6742721473421019E-6	6.182116527322353E-7	8.588264254748178E-7	0.18778743151151917	5.414037684124243E-7	3.075479606093694E-6	2.3458912017200915E-6	1.3111730320364966E-6	0.7204829710643109	3.798392633176544E-7	0.020738395353985573	0.07097734559612394	2.500610549702661E-6	5.507664134953815E-7
78	78	1.631044154858995E-6	6.022500608729295E-7	8.366524065594011E-7	1.1935933593650725E-6	5.274252774792678E-7	2.9960738717838813E-6	0.08165568618233603	1.2773198869173447E-6	0.8018849165421172	3.700322024730058E-7	2.9809733979313973E-6	0.020423023985932136	0.09602342137880761	5.365461886530092E-7
79	79	1.7655368333878333E-6	6.519104110171342E-7	0.015707195980827007	0.20680078148763678	5.709157238173896E-7	3.243124203858623E-6	2.473765887064589E-6	1.3826451611705839E-6	0.2178895289895845	4.005443268102052E-7	3.226778574766519E-6	0.21443213123591537	0.3451560662961871	5.807887273061832E-7
80	80	3.141554365803697E-6	1.1599939231592775E-6	1.6114763126778027E-6	2.2989803298316056E-6	1.0158738978120818E-6	0.36592492145533134	0.16864778421361498	2.4602460057986446E-6	8.277588204794382E-4	7.12719074896857E-7	0.021925271460348394	0.3779935247626056	0.05918742255025262	0.005480915893457586
81	81	2.021749522063146E-6	7.465149052556508E-7	1.037066714628999E-6	1.4795104084982288E-6	6.537663615611412E-7	0.31378136560402337	0.14723763988578914	1.5832930477103763E-6	3.717440207395999E-6	4.5867086201749554E-7	3.6950449959288653E-6	0.4962902720942703	0.04267466428676809	6.650721240393412E-7
82	82	2.2907660643049173E-6	8.458471204248582E-7	1.175060120141877E-6	1.6763759301473904E-6	7.407573384857638E-7	0.17402276488520724	0.6896841036489805	1.7939680182753888E-6	4.212087491676633E-6	5.197021856213625E-7	4.186712345115703E-6	0.10650255429587725	0.02977238232586089	7.535674599837637E-7
83	83	1.1966307527558137E-6	4.4184637279296146E-7	6.138178393721601E-7	8.756908976660071E-7	3.8695047275836747E-7	0.20727201851230653	0.670080167067767	9.371176453061818E-7	2.2002741809289587E-6	2.7147757568061933E-7	2.18701892924541E-6	0.10588586503216516	0.01675244492098049	3.93642114288205E-7
84	84	1.8118499235637795E-6	6.690111506228553E-7	9.293976465064814E-7	1.3259064940021817E-6	5.858918324433897E-7	0.13985322810430592	0.8143714190779011	0.008534633145973374	3.331492690919499E-6	4.110512985007526E-7	3.3114225676217755E-6	1.0746135371886945E-5	0.037217001489021614	5.960238219200351E-7
85	85	9.397239867219004E-7	3.469855960189767E-7	4.820362052432861E-7	6.876872749556552E-7	3.0387539354725196E-7	0.17273044946584581	0.7938567917542918	7.359262058462809E-7	1.727893437822881E-6	2.1319357632809138E-7	1.7174839794929993E-6	5.573530700412536E-6	0.033399721313111204	3.091303947593225E-7
86	86	2.4608817046664266E-6	9.086609654442861E-7	1.2623218043077204E-6	1.8008660600158786E-6	7.957670625045407E-7	0.034774338555032744	3.448042033438504E-6	1.927190708698641E-6	4.524883272996492E-6	5.582960304848187E-7	0.7913398032526365	0.17386368630230156	3.6754519042965096E-6	8.095284823719804E-7
87	87	1.7176638814211321E-6	6.34233704871429E-7	8.81084436475841E-7	1.2569814228375315E-6	5.554352079162294E-7	0.06337191651965553	2.406689135535672E-6	1.3451544081395646E-6	3.1583105156719585E-6	3.8968347193858813E-7	0.6919660437745058	0.24314848454669155	2.5654183100062458E-6	0.0014986445046523806
88	88	2.9262757994274664E-6	1.0805040274881637E-6	1.5010480755863907E-6	2.141440102318565E-6	9.46259989894219E-7	1.3298447462813505E-4	4.100124739326898E-6	2.2916548654299235E-6	5.380614757668171E-6	6.638791941222532E-7	0.8516690336042138	0.14293964046294627	0.0052363470327350895	9.626239255712115E-7
89	89	1.6163287553019068E-6	5.968165168130557E-7	8.291040674073042E-7	1.182824672852559E-6	5.226668080831486E-7	2.9690430743683056E-6	0.003526512000080456	1.265795813554764E-6	2.971983145171219E-6	3.6669374490142007E-7	0.8393376900312866	0.1396402643506064	0.017482680655998405	5.31705429729751E-7
90	90	2.273505420178758E-6	8.394737650839147E-7	1.1662061848244944E-6	1.6637446410765386E-6	7.35175821890649E-7	4.176214461432209E-6	3.1855014554993506E-6	1.7804506870997331E-6	4.180349923901838E-6	5.157862927602906E-7	0.27453150726515946	0.7254438328408664	3.395595899705034E-6	7.478894206786983E-7
91	91	1.4985561559920368E-6	5.533299227240905E-7	7.686920127453767E-7	1.0966390278884732E-6	4.845830776792756E-7	2.7527059466742493E-6	2.099688337529808E-6	1.1735645377893018E-6	2.7554317913926003E-6	3.399748763877902E-7	6.80879445300846E-5	0.06039146789537823	2.2381697855658536E-6	0.9395246828246193
92	92	1.2798760509452202E-4	0.04416787076170699	1.471749902442611E-6	2.0996424517867836E-6	9.27790435538259E-7	0.6234704855145126	0.015643825814490434	2.246925251418779E-6	5.275593349390787E-6	6.509212829851643E-7	0.07307441612548994	0.2404946697878942	0.003007127933165635	9.438349721043396E-7
93	93	8.579780596691835E-7	0.05174491676548127	4.401042156087091E-7	6.278658437610474E-7	2.774414873098659E-7	0.6968887191394767	1.2021481601076626E-6	6.719085040643469E-7	1.5775852059176142E-6	1.9464801743540187E-7	0.07939566867665537	0.17196328206569284	1.2814338402679039E-6	2.822393596715361E-7
94	94	3.1454326010092348E-6	1.1614259306139234E-6	1.6134656731793258E-6	2.301818411053132E-6	1.0171279897220507E-6	0.8892541459518112	4.407194299938024E-6	2.4632831687959913E-6	5.783583719467646E-6	7.135989234960126E-7	5.748741308235946E-6	0.10138446531242132	0.009331998346276618	1.0347174653173792E-6
95	95	1.6466209340335063E-6	6.080016624945696E-7	8.446425947734815E-7	1.2049924009713986E-6	5.32462288313018E-7	0.7347930938237848	2.307147955515766E-6	1.289518532646493E-6	3.0276821137910102E-6	3.735660797676265E-7	3.0094422558751506E-6	0.2552080370175498	0.00998348341154134	5.416703059080053E-7
96	96	1.0177991257635663E-4	0.05353090829851928	1.1703834624785996E-6	0.013931426608333632	7.378091757285764E-7	0.4157079365020568	3.1969117225861944E-6	1.7868281501643604E-6	0.034928085847936025	5.176338070189855E-7	4.17004952077412E-6	0.4817841248877134	3.4077587119579494E-6	7.505683138327532E-7
97	97	1.220644355886724E-6	0.0346531290630993	6.261357394055748E-7	0.02358174811652227	3.947156710559527E-7	0.4498483017089595	1.7102947447640118E-6	9.55923422417902E-7	0.02560583626621282	2.769255008207033E-7	2.230907325465998E-6	0.46630134466246126	1.8230943867823104E-6	4.0154159830728096E-7
98	98	2.0787470547837087E-6	7.675607901560098E-7	1.066303889341004E-6	0.017768942085296606	6.721974625348456E-7	3.818461761645924E-6	2.912617541992857E-6	1.6279295352219548E-6	0.11322580519939324	4.716017949449002E-7	0.023754127106360923	0.8452339216527774	3.10471438207193E-6	6.838219591389844E-7
99	99	8.108914632841205E-7	2.9941521305192345E-7	4.1595090616892883E-7	0.006436367451844784	2.8315338201455526E-4	1.4895309356037532E-6	1.1361732035547396E-6	6.350335698139673E-7	0.11924011779610598	2.8307513232369165E-4	0.05304357579144085	0.8207074455935498	1.2111076153127795E-6	2.6674981344939093E-7
100	100	1.353658094424695E-6	4.998274677848218E-7	6.943658140615716E-7	9.906030486929241E-7	4.3772787752991484E-7	0.01664905665779674	1.8966657355491587E-6	1.0600904941440888E-6	0.31481156144399025	3.07102100567403E-7	0.3584940354059064	0.31003563939688117	2.021757165931726E-6	4.4529762676207535E-7
101	101	1.996056236180907E-6	7.370278641228242E-7	0.04404534914378761	1.4607081367645371E-6	6.454580098862809E-7	3.666566547580618E-6	2.7967560530877875E-6	8.860729292078398E-5	0.024550112336375073	4.5284187011960585E-7	0.7845323112043389	0.14676822677632456	2.9812114415912127E-6	6.566200937414372E-7
102	102	1.6293058487145517E-6	6.016082051768787E-7	8.357607335689718E-7	2.1434487624907815E-4	5.268631672519967E-7	2.992880767780527E-6	0.846573180404399	1.2759585669302471E-6	0.056559473765029906	3.696378359261012E-7	2.9777963874509585E-6	0.09663882171735431	2.4334510972160176E-6	5.359743576981362E-7
103	103	1.0938312809729448E-6	4.038884867636344E-7	5.610863267371708E-7	8.00462543791751E-7	3.5370855237976865E-7	2.009264624320517E-6	0.9074434731340643	8.566122774522941E-7	0.057146431184145814	2.4815563504304956E-7	1.9991377552175836E-6	0.035399776016361156	1.6336926139145956E-6	3.5982533218802376E-7
104	104	1.1110015333649028E-6	4.102284656768075E-7	5.698938951541068E-7	8.130276844549325E-7	3.592608393029883E-7	0.02282133654981179	0.6386026972548459	8.700588201337423E-7	0.0029574080919896224	2.5205102088572343E-7	2.0305189201380514E-6	0.3356101172512787	1.6593372585684222E-6	3.6547363634439514E-7
105	105	1.4700249036355412E-6	5.427949850786007E-7	7.540567615321567E-7	1.0757599405592733E-6	4.753570223047928E-7	2.700296734170767E-6	0.12269887691615004	1.1512208532697618E-6	0.0012206964538985588	3.335020398815953E-7	2.6866870029113652E-6	8.718761090013926E-6	2.1955569100234022E-6	0.876058322611708
106	106	1.239380438653299E-6	4.5763135375583734E-7	6.357465084883446E-7	9.069749932253897E-7	4.007742952952761E-7	2.276624663033853E-6	0.8277310009729849	9.705962141074346E-7	2.278879072125712E-6	2.811761239268765E-7	2.2651502759969295E-6	0.17225502731040174	1.851077678686543E-6	4.0770499601098215E-7
107	107	3.0100106903300612E-6	1.1114224689007048E-6	1.5440003143580633E-6	2.2027170514623087E-6	9.733370607003218E-7	5.52910499462701E-6	0.8525424513297524	2.357230184810523E-6	5.534580145964922E-6	6.828759858474917E-7	5.501237822797468E-6	0.14742361638032536	4.495603954772823E-6	9.901692476504576E-7
108	108	2.062852243866401E-6	7.616917578468631E-7	0.20285401362536098	1.509589260533008E-6	6.670576108431749E-7	0.18846363038187952	0.015295574351423941	1.615481829239879E-6	0.24513652191648344	4.679957663318171E-7	3.770166273248712E-6	0.3482356453222135	3.080974674086913E-6	6.78593222570673E-7
109	109	1.4370453432660357E-6	5.306175451356494E-7	0.143758252089186	0.019615743072490786	4.6469253248873726E-7	0.10490677224708601	2.013503021353075E-6	1.1253935645380218E-6	0.21783225085883068	3.2602002333178914E-7	2.626411999414929E-6	0.5138758390195277	2.146300260370919E-6	4.7272858895570726E-7
110	110	1.2789893455784578E-6	4.7225662710341834E-7	0.0744034814383004	9.359606758856277E-7	4.1358249467076044E-7	2.3493824794147632E-6	0.014056898486799578	1.0016151441369146E-6	0.5054284413198904	2.90162129010431E-7	2.337541386631973E-6	0.4060997682944416	1.910235594367383E-6	4.2073469112015163E-7
111	111	2.624819800837028E-6	9.691938014830947E-7	1.3464146857170269E-6	1.9208354810479524E-6	8.487791747791328E-7	0.9146808465797717	3.677742406847854E-6	2.0555755778870414E-6	4.8263202529872856E-6	5.954883864455826E-7	0.08516547333350821	1.5567883708118345E-5	1.1838357609620569E-4	8.634573477637151E-7
112	112	1.5152910301380077E-6	5.595091416882659E-7	7.77276251673541E-7	1.1088855600200133E-6	4.89994577799444E-7	0.9019796005214122	2.123136254335477E-6	1.1866701226307838E-6	0.013813273731455016	0.0023131048409120044	0.08187451127510004	8.987235822291796E-6	2.2631641706804805E-6	4.984681895328129E-7
113	113	2.3968352722281294E-6	8.85012330476465E-7	1.2294688605836565E-6	1.0627531055348627E-4	7.75056582472658E-7	0.7785836669175895	3.3583039567482376E-6	0.10285084950432351	0.05299671305697944	5.437659257141539E-7	0.014323800517037223	1.4215700740166907E-5	0.05111450208999811	7.88459850281783E-7
114	114	1.3561397516564312E-6	5.007437999481335E-7	6.956387927783049E-7	9.92419118223106E-7	4.3853036270492225E-7	0.8152282398156342	1.9001428870235213E-6	0.05878484108530508	0.04879184740767806	3.076651099062408E-7	0.017507507316946395	8.043304892401125E-6	0.059672883675732084	4.461139895351275E-7
115	115	1.2024032642349827E-6	4.439778266713635E-7	6.167788785362752E-7	8.799152047443096E-7	3.888171104331251E-7	0.5009086262432666	0.029102811265862515	9.416382732044736E-7	0.0034104509322292432	2.727871755035758E-7	2.1975690440950865E-6	0.42629930929913945	0.04027146283169265	3.9554103224445836E-7
116	116	1.3965255682219225E-6	5.156559409913494E-7	7.163549030808526E-7	1.0219733410940826E-6	4.515897887448767E-7	2.565285405525737E-6	1.9567291068359145E-6	1.093661306203337E-6	2.567825658574619E-6	3.1682737115335675E-7	2.5523561431483593E-6	0.036609037057088276	2.085781916858044E-6	0.9633737223764612
117	117	1.0680028873348433E-6	3.9435155816825777E-7	5.478375206699008E-7	6.528108945735731E-4	3.4535651136307576E-7	0.005218196485691501	1.4964225384671194E-6	8.36385283141445E-7	0.29038788464394943	2.422959914792782E-7	1.8824602775435888E-4	0.6340582873435681	0.06948929262331538	3.5132885701641745E-7
118	118	2.691361196046361E-6	9.937636815786186E-7	1.380547433301976E-6	1.9695302801483566E-6	8.702964425536366E-7	1.2230879083946922E-4	3.770976277947938E-6	2.107686152055682E-6	4.948671540972245E-6	6.105845191600675E-7	0.052584445503929475	0.8844787143208309	0.06279430262015676	8.853467196000698E-7
119	119	1.2640431262698116E-6	4.667378546890501E-7	6.48397359714602E-7	9.250230761515747E-7	4.0874938586579965E-7	5.7444384116898724E-5	1.771102537433069E-6	9.899103088629656E-7	2.3242269579877115E-6	2.867713057559244E-7	0.05655795052107808	0.8670837367045596	0.07629136761033063	4.158180020281145E-7
120	120	1.7980693571774023E-6	6.639227862641501E-7	9.223288347906449E-7	1.3158219156797197E-6	5.814356569140493E-7	0.07559083136154042	0.8576543725582764	1.4081223620693054E-6	3.3061540270512218E-6	4.0792492493441746E-7	0.06673045089933312	1.0664402425927488E-5	2.685507974789344E-6	5.91490584514988E-7
121	121	6.97677010861822E-7	2.576116783898473E-7	3.578769761687876E-7	5.105580033903715E-7	2.2560547484167532E-7	0.06985555310035674	0.8616789733523535	5.463719163972569E-7	0.012901200575419894	1.5828079219982955E-7	0.05552568518977427	3.456227723443854E-5	1.0420160763085396E-6	2.2950693270538485E-7
122	122	2.5478287364718804E-6	9.407654642964841E-7	1.3069217271157685E-6	1.8644936445115693E-6	8.238828325401805E-7	4.680120451909814E-6	0.01089194258822568	1.9952815525318306E-6	0.7430805700512685	5.780215551320922E-7	4.656532236286659E-6	0.2460034500701233	3.8053117155244536E-6	8.38130466193774E-7
123	123	9.449906237939565E-7	3.4893025980247534E-7	4.847377535537252E-7	8.310993899035691E-5	3.0557844831179446E-7	1.735858412290861E-6	0.010097577771726603	7.400506682339317E-7	0.6482224347464759	2.1438840928806566E-7	1.7271095343632266E-6	0.34158865364426916	1.41139152734554E-6	3.1086290092085844E-7
124	124	1.900914750330263E-6	7.018976283935253E-7	9.750839030262607E-7	1.3910838746787125E-6	6.146924267320321E-7	3.4918006351860182E-6	2.6634494249330287E-6	1.4886636923334996E-6	0.9999681281379678	4.3125728367478843E-7	3.4742016551721115E-6	1.1274381488112587E-5	2.839112796750115E-6	6.253224728500148E-7
125	125	5.480322118098548E-7	2.023565284480876E-7	2.8111591431589736E-7	4.0104837553643384E-7	1.7721533811350297E-7	1.006683348092059E-6	7.678703524901022E-7	4.2918055941688627E-7	0.9999908113675057	1.2433113215116158E-7	1.0016095761404534E-6	3.250395222955126E-6	8.185139629803511E-7	1.8027997196132106E-7
126	126	0.31209468407091334	6.715580612029555E-7	0.10064790780122763	1.330954190553508E-6	5.881223096266999E-7	0.08558102871584582	0.3224852904829362	1.4243161147229488E-6	3.3441756095436952E-6	4.1261616165757867E-7	0.17401393305560028	0.005166069446182622	2.7163919754022006E-6	5.982928713620761E-7
127	127	0.13819731708463925	1.0905236069754072E-6	1.5149673855795934E-6	2.1612978064793083E-6	9.550347162655627E-7	5.4251373269880115E-6	4.138145445116215E-6	2.3129055202145077E-6	0.1671781090257898	6.700353862198417E-7	0.5871704527676979	0.10743047045434612	4.411069937375688E-6	9.715503957121928E-7
128	128	0.10931665451700706	7.265299967345191E-7	1.0093034599689015E-6	1.4399025186065012E-6	6.362644190841612E-7	3.6143417522091334E-6	2.75692041648306E-6	1.5409067986242985E-6	0.15084758931445233	4.463918101804942E-7	0.6085277401090033	0.1312922594823379	2.938748511905956E-6	6.472675156312488E-7
129	129	0.042941293721548146	9.181195879962259E-7	1.2754618267584398E-6	1.8196120092489465E-6	8.040505263813192E-7	0.016486129830361077	3.483934109116666E-6	1.9472516227165255E-6	0.03611220533168108	5.641075615458237E-7	0.8286367787902118	0.07580824812257766	3.7137111820608528E-6	8.179551944802278E-7
130	130	0.050260792427971865	6.897194759778053E-7	9.58165879786394E-7	1.366948116466135E-6	6.040273129622865E-7	3.431216757109767E-6	2.6172377100955897E-6	1.462834892509116E-6	0.039428587702725594	4.237748293701609E-7	0.8104998462122321	0.09979581540590661	2.789853265209343E-6	6.144729243185972E-7
131	131	0.3367465233148375	8.789489829323639E-7	0.05543321004341418	1.7419801796750808E-6	7.697465576695629E-7	0.0348829274708273	3.3352957303684628E-6	1.8641741834911388E-6	4.3769257203024286E-6	5.400405066700262E-7	0.4769893495181935	0.0025054436551340256	0.09342825582773463	7.83057997751373E-7
132	132	0.14970180931398142	7.912300698761243E-7	0.05494704418000413	1.568130945084898E-6	6.929260223726332E-7	0.03654112072334789	3.0024339581038585E-6	1.678130014490799E-6	3.940109506656076E-6	4.861445841861147E-7	0.2404391484660954	1.2709303026235574E-5	0.5183453039994604	7.049089836941699E-7
133	133	2.5582556877554157E-7	9.446155329942081E-8	1.3122702848837843E-7	0.9638944357460237	8.272545608024709E-8	4.6992737753866175E-7	0.011993116832106302	2.0034472126672115E-7	4.7039271930959074E-7	5.803870997662036E-8	4.675589025341173E-7	0.024109750675292658	3.820884897233435E-7	8.415605026852969E-8
134	134	2.2784751140311725E-6	8.413087849490852E-7	0.009340995382546962	0.48209569711385525	7.367828551222682E-7	0.001494583209350837	0.02474379704082409	1.784342604293188E-6	0.03060702567034013	5.169137587190429E-7	0.014808783051405545	0.34260630317498253	0.09429590800933275	7.49524244780389E-7
135	135	5.933985219771295E-7	2.1910767707789487E-7	3.04386794178406E-7	0.42285571810401773	1.9188528966380536E-7	1.090016969776363E-6	0.005098591114265858	4.647082856284002E-7	1.0910963502323713E-6	1.3462330947772908E-7	1.0845231890969598E-6	0.39219461438687414	0.17984570744484024	1.9520361504050296E-7
136	136	2.7587065276130113E-6	1.018630408769722E-6	1.4150925641360641E-6	2.0188133975322275E-6	8.920736765314282E-7	5.067483012448257E-6	0.09275656350613544	0.21028973033602494	0.03272716575930817	6.258630395432491E-7	5.0419424557056355E-6	1.63619698361811E-5	4.120268414805767E-6	0.6641872195551982
137	137	1.4714398016007753E-6	5.433174248808296E-7	7.547825406498602E-7	1.0767953587669605E-6	4.758145531139345E-7	2.7028957679322068E-6	0.1892935939725393	0.6144607160897384	0.04273767523234666	3.338230353670887E-7	2.689272937315768E-6	0.15349528485087816	2.1976701320490057E-6	4.840429457591775E-7
138	138	2.044096411567987E-6	7.547663161843603E-7	1.0485296654189232E-6	1.4958637971149517E-6	6.609926002639851E-7	0.0010734235252382613	0.13469198290001744	0.09029946801907543	3.7585299787296695E-6	4.6374066268307724E-7	9.28749466801601E-5	1.2123596146800115E-5	0.02826013480836588	0.7455597656850441
139	139	1.3246479404250327E-6	4.891156995226438E-7	6.794849078113208E-7	9.693735025368616E-7	4.283469613374216E-7	0.03980273475231253	0.5116870094014506	0.3050596617808635	0.021606663181729668	3.005206164631274E-7	2.4209891928848538E-6	0.05829305857654712	0.0635438240737918	4.35754483791736E-7
140	140	2.275987554235611E-6	8.403902733111022E-7	1.1674794081310998E-6	1.6655610595459511E-6	7.359784612549951E-7	4.180773906970117E-6	0.060348028081518144	0.10778878118569876	4.1849138843936775E-6	5.163494102756285E-7	8.974221233628844E-4	1.3498949358034287E-5	0.001988426905140547	0.8289482753209635
141	141	1.930195466385153E-6	7.127092995392307E-7	9.901035954607822E-7	1.4125114173583234E-6	6.241608336688002E-7	0.01490200043453519	0.3272636787639638	0.3982195335483018	3.5490975299211812E-6	4.379001497305601E-7	3.5277164759523957E-6	0.2595980850587772	2.8828450344188487E-6	6.349546195662637E-7
142	142	3.132114375571697E-6	1.1565082819674526E-6	1.6066340216080168E-6	2.2920721724896845E-6	1.012821319834544E-6	5.753397917605919E-6	0.01871658856977016	2.4528532646397264E-6	5.759095173190092E-6	7.105774404313127E-7	0.4116741251962662	1.8576662803243367E-5	0.037838834249548134	0.5317279992476448
143	143	1.2501914874846698E-6	4.616232474132816E-7	6.412920910498293E-7	9.148864872548149E-7	4.0427022789326304E-7	5.6814897003298166E-5	0.06455155323808248	9.790626726209003E-7	2.2987576115645873E-6	2.836288081158347E-7	0.8951401156059109	0.001261338432326659	0.03898253285265851	4.112613847381255E-7
144	144	1.7883935922816693E-6	6.60350087155982E-7	9.173656019062367E-7	1.3087412191259694E-6	5.783068372743398E-7	3.285109908483159E-6	2.5057914270426677E-6	1.4005449786578031E-6	3.288362961902853E-6	4.0572980067348747E-7	0.8127199473481658	0.1771221680500675	0.010141157597694902	5.883076573320283E-7
145	145	2.059147550594589E-6	7.603238293687667E-7	1.056250223841914E-6	9.13022884595057E-5	6.658596366062175E-7	0.024068952415092933	2.88515587483897E-6	1.6125805721666618E-6	3.7862048755326616E-6	4.6715528889485036E-7	0.9144802217145485	0.06125268267770676	9.287085180910117E-5	6.77374531433957E-7
146	146	8.503108451492543E-7	0.4914639122244757	4.3617127886962945E-7	6.222549985190275E-7	2.749621658680645E-7	0.07976149855177046	1.1914053121706915E-6	6.659040770508956E-7	1.5634873113841563E-6	1.9290856956871446E-7	1.554068295337855E-6	0.4287656880512716	1.269982465683548E-6	2.7971716263842837E-7
147	147	2.7066089335326005E-6	0.09902811816293385	1.388368837906164E-6	1.9806885300060928E-6	8.752270522803279E-7	0.06987869563607096	3.79234050673947E-6	2.1196271153114267E-6	4.9767079281629404E-6	6.140437473286949E-7	4.946726430077342E-6	1.605297746807341E-5	0.20384174700427507	0.6272119858801707
148	148	1.6762302993095402E-6	0.2926815493493378	0.0027785509786609126	1.226660448193299E-6	5.420369694460664E-7	0.31819490976959924	2.3486348485515443E-6	1.3127065199204167E-6	3.082125576639108E-6	3.802835059110443E-7	1.4925782866789762E-4	0.030564544397083275	0.3556200675879182	5.514105646495991E-7
149	149	2.8145752818448596E-6	1.0392595012052571E-6	1.443750726173126E-6	0.01608075615627541	9.10139768191406E-7	5.170108630709111E-6	3.943616574366619E-6	2.2041788200621886E-6	0.008474106950592307	6.385378884222613E-7	0.4067593430032055	0.014254317673808557	4.203711238872744E-6	0.5544091083376884
150	150	9.815986840548006E-7	3.624474944247589E-7	5.035160445187264E-7	0.06446595937343995	3.174162739669329E-7	1.8031039571263328E-6	1.375358074372639E-6	7.687195447038559E-7	0.016353545977242083	2.226936174127076E-7	0.8371938154683052	0.0819785553543548	1.4660675260102376E-6	3.2290544136859613E-7
151	151	2.656750336808227E-6	9.80983897523764E-7	1.3627936167738286E-6	0.007184997771821782	8.591044450941643E-7	1.2073590186806324E-4	3.722481587105947E-6	2.0805813439629865E-6	4.885031709064153E-6	6.027324126213103E-7	0.1383365646699707	1.5757264659366503E-5	3.967991661747026E-6	0.8543208259406694
152	152	1.7711276748834582E-6	6.539747847013415E-7	9.085089616370969E-7	0.02587516348454373	5.727236154789293E-7	3.2533940509847265E-6	2.481599443810796E-6	1.3870235178237068E-6	1.5772746571876615E-4	4.0181271147418896E-7	0.7011464252407643	0.2728060257471261	2.645269202927837E-6	5.826278833381669E-7
153	153	1.4880539117299554E-6	5.494520526938414E-7	7.633048330605297E-7	0.04386749287677576	4.81187002179062E-7	2.7334143171159843E-6	2.0849732134373223E-6	1.1653399134508027E-6	0.002273925673298228	3.375922501641958E-7	0.7108201583586553	0.24302610778132483	2.2224841499665246E-6	4.895083020716457E-7
154	154	2.771710759008995E-6	0.6300906128337046	1.421763150864506E-6	2.0283298561711015E-6	8.962788112189218E-7	0.1849345123919308	3.883557337792555E-6	2.170610318989815E-6	0.005444197030519869	6.288132873158733E-7	5.065709603723356E-6	0.1795067595014157	4.139690895357209E-6	9.117784085516562E-7
155	155	2.7126923328302397E-6	0.616910595434761	1.3914893485601946E-6	1.985140343883968E-6	8.771942207061587E-7	0.1160525978226873	3.800864206373091E-6	2.124391208839971E-6	4.987893622978197E-6	6.154238777401998E-7	4.957844738199923E-6	0.2670084099009924	4.051543876150249E-6	8.923637829376441E-7
156	156	1.8583851703272468E-4	0.6664882049599663	1.0806056133678626E-6	0.021130708851595025	6.81213262530351E-7	0.15020468887930175	2.95168281475212E-6	1.6497640227265495E-6	0.045201918186029366	4.779271200133865E-7	3.850173096796363E-6	0.1166822439458664	9.501230060632845E-5	6.929936718569749E-7
157	157	2.3336606963927136E-6	8.616856216138287E-7	1.1970631401446295E-6	0.0453895192204977	7.546280317860522E-7	0.039387880958080476	3.269787474012759E-6	1.827560098811358E-6	4.290958898972384E-6	5.29433617562326E-7	0.2960427034961627	0.07878102949859686	3.485440862221847E-6	0.5403803166082207
158	158	1.6070404383149607E-6	5.933868797586996E-7	8.243395779010793E-7	0.2621700838687093	5.196632761741188E-7	0.011846455169008289	2.2516901036884766E-6	1.258521852290089E-6	0.04625568924696306	3.6458652028600537E-7	0.4584656462977058	0.22125177734243306	2.4001965751079695E-6	5.286499569128438E-7
159	159	1.5409507567630147E-6	5.689837913327012E-7	7.9043853913738E-7	1.1276632731870608E-6	4.982920775298584E-7	2.830580819219081E-6	0.9460136089567673	1.206765028714928E-6	0.0539627136397598	3.495928670776897E-7	2.816314444798042E-6	9.139424418230012E-6	2.301488276592915E-6	5.069091802205946E-7
160	160	1.1786103414599115E-6	4.35192479477087E-7	6.045741776153696E-7	8.625036131944376E-7	0.007864106706743007	2.1649957412511585E-6	0.9440598966094992	9.230053175374246E-7	0.048058267927484195	2.6738931573901853E-7	2.154083973724533E-6	6.99037272089399E-6	1.7603144497876565E-6	3.877141429515787E-7
161	161	2.4265090358872944E-6	8.959691313189327E-7	1.2446901687886828E-6	1.7757122411715477E-6	0.21882688392588587	4.457267634607915E-6	0.3015770860176014	1.90027243474069E-6	0.08804281496757788	5.50497961808795E-7	0.16422982458643406	0.20169840775853556	0.025610933604063423	7.982212934327145E-7
162	162	1.6822557350018656E-6	6.211595288763319E-7	7.422281461931284E-5	1.2310698444737219E-6	0.21443151114221565	3.09014470165181E-6	0.2791367498353573	1.3174252204008548E-6	0.10109302571995055	3.816504862183821E-7	0.13527871721025944	0.2428312232453556	0.02714567293404128	5.533926842299059E-7
163	163	2.6775342467964042E-6	9.88658190717034E-7	0.5881318119105703	1.959411758981495E-6	8.658252683532785E-7	0.02499199676305912	0.016583962494319288	2.096857850933513E-6	0.07835225781257141	6.074476227926688E-7	4.893588158219041E-6	0.04566984151065935	0.24625515938749956	8.807982241478393E-7
164	164	2.013760120128906E-6	7.435648822370218E-7	0.6667012659743236	1.4736637874453295E-6	6.511828554558609E-7	3.6990869082144343E-6	0.11433945266990427	1.5770363060122564E-6	0.05199086528143766	4.5685832004224505E-7	3.6804431872896565E-6	0.16695045038093495	3.0076530920966915E-6	6.624439406485586E-7
165	165	2.9896049732733116E-6	1.1038878204345842E-6	1.5335330978622746E-6	0.24509937547816413	9.66738532420902E-7	0.28942876645172017	4.1888578356595425E-6	0.2733900022042286	5.4970596558054395E-6	6.782465756607376E-7	0.13845930082155178	0.015792603622017697	0.037812010037217236	9.834566091967933E-7
166	166	2.7838239578974516E-6	1.0279048198104726E-6	1.4279766779299557E-6	0.06628487324095689	9.001958157131736E-7	0.08777524267220276	3.900529636317755E-6	0.8358214588172435	5.1186850786736725E-6	6.315613880649157E-7	5.087848258610638E-6	1.6510942056517992E-5	0.010080120038756458	9.157631508878066E-7
167	167	1.6973220944314084E-6	6.267226620732747E-7	8.706500132335455E-7	1.2420953623981367E-6	5.488573524881484E-7	3.117820179164349E-6	2.378187425582358E-6	1.3292241410281528E-6	3.120907575287575E-6	3.8506856545698224E-7	0.09393055776683762	0.540555542588805	0.36549802444009183	5.583488944616862E-7
168	168	1.910894197959665E-6	7.055824599318874E-7	0.028749958060165226	1.3983868053719746E-6	6.1791944723871E-7	0.0052533234797830985	2.677432037275356E-6	1.4964788988559663E-6	3.5136078164252026E-6	4.335213039189803E-7	0.06341790446772502	0.5971567692947564	0.3054086622693042	6.286052991146911E-7
169	169	1.8973453399891916E-4	5.314501514247551E-7	7.38296393878979E-7	1.0532757284486024E-6	4.654216940639574E-7	1.2817401428336298E-4	2.016662463203576E-6	1.1271594499071417E-6	2.646476510012218E-6	3.26531590135957E-7	0.04870833099626852	0.6702140385231523	0.28075034318795566	4.7347036012368465E-7
170	170	1.558969374109146E-6	5.756370222469138E-7	7.996812806784985E-7	0.01101448649958185	5.041186973827081E-7	0.1675144913486386	2.1843357689963756E-6	0.8090742244849678	0.012375884467898278	3.5368072002896905E-7	2.8492461216115164E-6	9.246293369514289E-6	2.3283999974253498E-6	5.128365614218102E-7
171	171	0.16607818898301643	1.6768762647629404E-7	0.5157799284278618	0.007644740357666939	1.4685377166405963E-7	8.34212479080319E-7	0.1499379759870447	3.556508400807461E-7	0.05555152025609078	1.030299966471666E-7	8.300079753641715E-7	0.10500438087090387	6.7828137170821E-7	1.4939335454730405E-7
172	172	0.9999744877254664	5.350772412162657E-7	7.433351868987355E-7	1.0604642213525184E-6	4.685981467769001E-7	2.6619024985578278E-6	2.0304259663535867E-6	1.1348521912173148E-6	2.6645384258987867E-6	3.2876013291464046E-7	2.6484862775974947E-6	8.594793170745335E-6	2.1643393300299425E-6	4.767017441117851E-7
173	173	0.9999785729008462	4.4939752773957646E-7	6.243079868521475E-7	8.906564559703974E-7	3.9356345671927357E-7	2.235663021691091E-6	1.7053022241488758E-6	9.531329867882988E-7	2.2378768688501205E-6	2.7611712771663055E-7	2.2243950849022326E-6	7.218544361158553E-6	1.8177725927832267E-6	4.003694584094528E-7
174	174	0.8102847182989881	4.491591386053666E-7	6.239768140457136E-7	8.901839949346521E-7	3.9335468554027786E-7	2.2344770833197638E-6	1.7043976229980286E-6	9.526273842126678E-7	2.2366897561129483E-6	2.759706575672553E-7	0.03522502159399898	0.15447828230446853	1.8168083301697592E-6	4.001570768927266E-7
175	175	0.9078975758022015	5.529324526287546E-7	7.681398429185837E-7	6.639802191974591E-5	4.842349900842018E-7	2.7507286122664696E-6	2.09818008126276E-6	1.1727215383606397E-6	2.753452498945474E-6	3.397306643165101E-7	2.736864699939075E-6	0.09201964001944352	2.2365620547681633E-6	4.926089996744972E-7
176	176	0.9918312346402132	6.689054485211342E-7	9.292508039845312E-7	1.32569700406622E-6	5.857992629876896E-7	3.327671124023177E-6	2.5382559509081523E-6	1.4186901544268743E-6	3.3309663233410653E-6	4.109863534155679E-7	3.310899371073021E-6	0.008147616645942888	2.7056623956100342E-6	5.959296516351392E-7
177	177	0.9999745840925878	5.330561021985928E-7	7.40527398352104E-7	1.0564585461910224E-6	4.66828118218206E-7	2.651847735270107E-6	2.022756469639869E-6	1.1305655315235718E-6	2.6544737059633407E-6	3.275183123307959E-7	2.6384821911944624E-6	8.562328190947772E-6	2.156164004431223E-6	4.749011059597549E-7
178	178	0.8921186381762888	3.3864520547420473E-7	4.704496429923592E-7	0.016638390692762732	2.9657123023843335E-7	1.684692319425474E-6	1.2850369360001647E-6	7.182369644503512E-7	1.6863605723191406E-6	2.080691051436573E-7	1.6762013230723643E-6	0.0622769042641352	0.028957400903595623	3.016999185345651E-7
179	179	0.9678886107910867	3.409771696819479E-7	4.73689233310691E-7	6.75779235020023E-7	2.98613466427763E-7	1.696293376007565E-6	1.2938859026825191E-6	7.231828572806689E-7	1.6979731167533392E-6	2.0950190176409882E-7	1.687743909316581E-6	2.8736650570052903E-4	0.03181462128557291	3.0377747167906173E-7
180	180	0.9124249193890797	7.555745306204306E-7	1.0496524458001726E-6	1.4974655892051648E-6	6.617004004800437E-7	3.758832512355493E-6	2.8671339917204267E-6	1.6025077234709415E-6	3.762554665738185E-6	4.6423724273724295E-7	0.03194969476015422	1.2136578264858146E-5	0.05559615647003071	6.731433684872888E-7
181	181	0.9211168662902977	3.567213667130739E-7	4.95561244940452E-7	7.06982501313843E-7	3.1240157211229185E-7	1.281626390468389E-4	1.353629476150008E-6	7.56574926917413E-7	1.7763749151161314E-6	2.1917539170140532E-7	0.028312682474246547	4.785925408679366E-5	0.05038813411690834	3.1780401888805413E-7
182	182	0.9490486145435323	5.930959310317855E-7	8.239353887305457E-7	1.1754508811836374E-6	5.194084755140699E-7	2.9505339025621007E-6	2.2505860577592175E-6	1.2579047753994335E-6	2.953455644807883E-6	3.6440775667065483E-7	0.013731861312452026	0.024665556468717417	0.012540550505734705	5.2839074991452E-7
183	183	0.969174394005331	6.990004398078702E-7	9.710590967872519E-7	1.3853419656589709E-6	6.121551908013555E-7	3.4773877001162724E-6	2.6524556347274016E-6	1.4825190078626616E-6	3.4808311550582986E-6	4.2947720403183126E-7	3.459861362553277E-6	0.026015430382688824	0.004790902781862964	6.227413597967606E-7
184	184	6.360610862464829E-7	2.3486048907361585E-7	3.2627077381170746E-7	0.8200007469493018	2.0568093997204981E-7	1.168384065927577E-6	8.912112098089293E-7	4.981186268541688E-7	1.1695410487643969E-6	1.4430209258896848E-7	0.05697374911247544	0.1097328633722036	0.01328715689784894	2.0923783734447517E-7
185	185	1.3019355127987631E-6	4.807293165545657E-7	6.678344523802307E-7	0.9299165408272162	4.2100251979834587E-7	2.39153241868007E-6	1.8241951104126523E-6	1.0195849799820765E-6	2.393900614244184E-6	2.9536788678807833E-7	2.379478886523954E-6	0.05468192117785437	0.015387934150198415	4.282830327941474E-7
186	186	1.4015258626835992E-7	5.1750225988771774E-8	7.189198295927465E-8	0.9675867200531615	4.5320671719287194E-8	2.5744704735959206E-7	1.963735223973011E-7	1.0975771876571377E-7	2.577019822083898E-7	3.179617794200831E-8	2.56149491767367E-7	0.015848679520933932	0.016563135980082605	4.6104414627972803E-8
187	187	1.2648158989519662E-7	4.6702319484583376E-8	6.487937573978418E-8	9.255885889483746E-8	4.089992747759801E-8	2.3233471982825818E-7	1.7721853008529072E-7	0.8204589439263226	2.3256478739856967E-7	2.8694662337484768E-8	2.3116373255894166E-7	0.17953955206126931	1.8890668314418827E-7	4.1607221233632106E-8
188	188	9.731838241477283E-7	3.5934037443896696E-7	8.537649821209798E-5	7.121730864757951E-7	3.146951889440566E-7	1.7876466552334355E-6	1.363567669896852E-6	0.8041707278368493	1.7894168578223945E-6	2.2078455251361237E-7	1.7786367600405777E-6	0.1957328225831642	1.453499505039872E-6	3.2013729986995043E-7
189	189	1.6822290768428813E-7	6.211496855634925E-8	8.629079729889169E-8	1.2310503361106638E-7	5.43976774015816E-8	3.0900957331347014E-7	0.04180004032098556	0.7236326566322372	3.093155675350302E-7	3.81644438327371E-8	3.074521380893483E-7	0.2281613212165228	0.0064044684187555745	5.533839147961926E-8
190	190	1.775790909715266E-6	6.556966470144827E-7	9.109009916951188E-7	1.2995186127503956E-6	5.742315500849852E-7	1.5813951915278872E-4	0.049718184630201195	0.6394133937517176	6.22775426823371E-4	4.0287065159820224E-7	3.245519409379348E-6	0.31007540574745657	2.6522339811657543E-6	5.841618950743584E-7
191	191	6.233044619185057E-5	5.159387258806996E-7	7.167477509584778E-7	1.0225337896319673E-6	4.518374398592931E-7	2.566692203919563E-6	0.04271609929682112	0.9077223008883993	2.5692338500391347E-6	3.1700111877453706E-7	2.5537558511554755E-6	0.049486009050911536	2.0869257563092747E-6	4.5965118965456974E-7
192	192	4.2539539497632263E-7	1.5707386078809276E-7	2.1820873450050518E-7	3.113031103637511E-7	1.3755868200464881E-7	0.0017445438128139657	0.03151817391644751	0.9076101125615799	7.821848988060213E-7	9.650872691338703E-8	7.774727325739166E-7	0.059123488715851644	6.353496438206998E-7	1.399375223320176E-7
193	193	1.3351368862650962E-6	4.929886592165014E-7	6.848652660028616E-7	9.77049282535915E-7	4.3173873657151313E-7	2.4525202020294535E-6	1.870714913076358E-6	1.0455859772421312E-6	1.7712309889606457E-4	3.0290022569642516E-7	0.8711889501703826	0.12862189993085862	1.9940948001743697E-6	4.3920491393288714E-7
194	194	1.0961045654750011E-4	9.072978415757429E-7	1.2604281376414154E-6	1.7981644984832373E-6	7.945732959425865E-7	4.513625707452678E-6	3.442869467900573E-6	1.924299641783516E-6	4.5180952886697115E-6	5.57458505077865E-7	0.9969584826161059	0.002907711862699666	3.6699381908115474E-6	8.083140716747549E-7
195	195	1.1396580399777035E-6	4.2080965245863115E-7	5.845933961760505E-7	8.339984324838828E-7	3.685273977262025E-7	2.093444046976652E-6	1.5968215043160383E-6	8.925005950403653E-7	2.0955170629504463E-6	2.585522736111799E-7	0.7310138673370086	0.26897377120293814	1.7021372077089197E-6	3.749004439249276E-7
196	196	3.165405182231123E-6	1.1688006471234905E-6	1.6237107104425507E-6	0.002486985114496298	1.0235864563193831E-6	5.8145499812737084E-6	4.435178700585461E-6	2.4789242997315267E-6	5.820307792192522E-6	7.18130068895473E-7	0.7575536584099366	0.23468192724236386	0.005250139351744575	1.0412876199635563E-6
197	197	1.1262248982674386E-6	4.158495718939078E-7	5.777027977173483E-7	8.241680985269409E-7	3.6418356774903843E-7	2.0687686359681903E-6	0.23726393114227454	8.819806964838584E-7	2.070817217316538E-6	2.555047196879012E-7	0.7426317503037041	0.020044568326006634	1.6820741278030245E-6	4.948295368336394E-5
198	198	9.626436734534284E-7	3.5544850776059324E-7	4.937929752880421E-7	7.044598349136317E-7	3.1128685576800287E-7	1.7682853951438297E-6	0.22559656940733525	7.538753040217545E-7	1.7700364254021516E-6	2.183933265224642E-7	0.7743466494611647	4.7688481921995306E-5	1.4377572542573673E-6	3.1667002544576795E-7
199	199	9.036910383210664E-7	0.7190030228812767	4.6355292083606863E-7	0.07917174394954121	1.9733324551866294E-4	1.6599949792978232E-6	1.2661984846586084E-6	7.077077168252827E-7	1.6616387758509111E-6	2.0501884284915042E-7	0.023331308630746977	0.17828807650461806	1.3497084973221336E-6	2.972770423698102E-7
200	200	1.9462498125182744E-6	0.6255934101764333	9.983387540786523E-7	1.424259941073243E-6	6.293522737280926E-7	3.5750768572874E-6	2.726970235265519E-6	1.5241669473096886E-6	0.003058976377923311	4.4154237182565505E-7	3.557058157844604E-6	0.3072487625530848	0.06408138764137096	6.402358366341041E-7
201	201	0.03298380537138494	0.6777843880293837	4.7487487023498875E-7	6.774707001354816E-7	2.993608913785367E-7	1.700539172448788E-6	1.2971244793572027E-6	7.249929729394488E-7	0.002666169853656468	2.1002628182801972E-7	1.6919683065731085E-6	0.23976720675478325	0.04679104909529472	3.045378220561966E-7
202	202	1.2304690211422893E-6	0.8351390940283836	6.311753514879466E-7	9.00453643860332E-7	3.978926401055769E-7	4.315270965000912E-4	1.7240604851900611E-6	9.636174141935718E-7	2.2624934311752375E-6	2.7915440585202737E-7	2.248863348105344E-6	0.1586213957967217	1.837768023696336E-6	0.005795507130629765
203	203	2.1390284403346547E-7	7.898192115539886E-8	1.0972255330878553E-7	0.9111014230776044	6.916904519835531E-8	3.9291929663567704E-7	2.997080257457577E-7	1.6751377069601453E-7	3.93308381779612E-7	4.852777299568922E-8	0.08889514466472871	1.2686640811254393E-6	3.1947476952932537E-7	7.036520462446758E-8
204	204	1.9671190175235397E-6	7.263430266547671E-7	1.0090437190782947E-6	0.41861869933345214	6.361006785507845E-7	0.09753800365634523	2.7562109321775854E-6	0.3069303428810962	3.6169897648908275E-6	4.462769327319026E-7	0.03131410745944583	0.14558410349241074	2.9379922347445014E-6	6.471009434875488E-7
205	205	2.636892896635476E-6	9.736516959293481E-7	1.3526076416982013E-6	0.38843733382811424	8.526832112716829E-7	0.10050589263755194	3.694658515292986E-6	0.3159939213432968	4.848519348997505E-6	5.98227389075069E-7	0.08015268097316978	0.11489040821470495	3.938333565561829E-6	8.674288978389244E-7
206	206	2.1793020204977616E-6	8.046899101997274E-7	1.1178840711561512E-6	1.5948068677159074E-6	0.8846825666853309	4.003171724620558E-6	3.05350921825489E-6	1.7066771626557169E-6	4.00713583292475E-6	4.944145283230381E-7	3.982995389676372E-6	0.11529051692921748	3.2548983342380837E-6	7.169003914078357E-7
207	207	1.2128765944745678E-7	4.4784502042914236E-8	6.221512266260165E-8	8.875795572924397E-8	0.9397071222926793	2.227939607629824E-7	1.6994110164628717E-7	9.498402540996085E-8	2.2301458067407748E-7	2.7516324205225605E-8	2.2167105975220404E-7	0.06029137969311184	1.8114928403039517E-7	3.9898632549774835E-8
208	208	1.1511573552321233E-6	4.250556830098826E-7	5.904920285047549E-7	8.424135978759612E-7	0.7491309136342643	2.1145672016592127E-6	1.6129336653670203E-6	9.01506055754991E-7	2.116661134665462E-6	2.61161103628349E-7	2.10390959837423E-6	0.25085486851304817	1.7193120195130867E-6	3.7868324388990574E-7
209	209	2.7808821255425497E-5	2.3018682976545487E-7	3.1977807491194486E-7	4.562049707776045E-7	0.7942221770733826	1.145133543514172E-6	8.734763512012078E-7	4.882062028183165E-7	1.1462675027099102E-6	1.4143052052984642E-7	1.1393619704917945E-6	0.2057429379003041	9.310850294881429E-7	2.050740617771938E-7
210	210	1.074911500792937E-6	3.969025086519032E-7	5.51381329130563E-7	7.866171037917183E-7	0.8420591642938489	1.9745107772904734E-6	1.506102479421256E-6	8.417956267760788E-7	1.9764660205594128E-6	2.4386333681834663E-7	1.9645590706103675E-6	0.157927559559931	1.6054349605866771E-6	3.5360150561932275E-7
211	211	3.4525359240558474E-7	1.274821386186425E-7	1.77099588689175E-7	1.5308491650534246E-5	0.8704532744782598	6.341982001310807E-7	4.837489329750072E-7	2.703785046502516E-7	6.348262097505984E-7	7.832709300294845E-8	6.31001785840845E-7	0.12952740548607722	5.156537883418195E-7	1.1357417797189589E-7
212	212	1.8576436402134823E-6	6.859201156914714E-7	0.7409831191993101	1.3594182023951752E-6	6.006999929943004E-7	3.4123156978605923E-6	0.019687599695292386	1.4547767804945417E-6	3.415694715780612E-6	4.214404408062098E-7	1.6541155251232698E-4	0.23914727607004033	2.774485194465062E-6	6.110880640862922E-7
213	213	1.008803627260198E-6	3.7249270298191874E-7	0.7728072696170458	7.382395545908846E-7	3.26213445199955E-7	1.8530768651424876E-6	0.012539121927199377	7.900245565118993E-7	1.8549118594656732E-6	2.2886555642641045E-7	1.8437371959800361E-6	0.2146427535361553	1.5066994914236707E-6	3.318547445164557E-7
214	214	1.5288281474421946E-6	5.64507614412749E-7	0.6527590682091908	1.1187919830135837E-6	4.943720300156579E-7	2.8083127322787288E-6	2.1421036632068235E-6	1.1972714476118759E-6	2.8110936411651314E-6	3.46842631399925E-7	2.7941585909597355E-6	0.3365552648056839	0.010669357781301559	5.0292134224071E-7
215	215	5.997146687373126E-7	2.2143986395307576E-7	0.7583933937109593	4.388694469038231E-7	1.9392772085591332E-7	1.1016191340845226E-6	8.402847572700365E-7	4.6965465071694553E-7	1.1027100034895552E-6	1.3605624290865472E-7	1.096066877484209E-6	0.24063167462122872	9.685340430791292E-4	1.972813665600149E-7
216	216	1.0539640567915934E-6	3.8916783182702455E-7	0.8300159781976403	7.71287825316215E-7	3.4081682181960164E-7	1.9360323035679103E-6	1.4767521586509519E-6	8.253910513859559E-7	1.9379494438405985E-6	2.391110259646486E-7	0.04564151481755625	0.12433161565273461	1.5741488882822307E-6	3.4671066136629577E-7
217	217	0.11165280750402849	2.9115801839057815E-7	4.0447992055403224E-7	0.009250467127638507	2.549839487228634E-7	0.019670359710744812	1.1048401152486058E-6	0.38364754567150255	1.4498873587798143E-6	1.7889220742722928E-7	0.12251950201145585	0.3324505404936416	0.02080483384596244	2.593934566595066E-7
218	218	1.9452592224061975E-6	7.182714714483249E-7	9.97830625835334E-7	1.4235350301159857E-6	6.290319499262054E-7	0.07948831095175349	2.725582278933497E-6	0.8602520302856286	0.0045843407609448905	4.4131763833831946E-7	3.5552477085299374E-6	0.05565933667225445	2.9053435196765586E-6	6.399099733841308E-7
219	219	8.216121503491524E-7	3.0337374134699177E-7	4.214501372021345E-7	6.012533772975543E-7	2.656819651922312E-7	0.0783951514114771	1.1511943967951442E-6	0.8891307277660098	0.011144299895816065	1.8639774568123956E-7	1.501617204115342E-6	0.021323070949995932	1.2271195063410319E-6	2.7027647688602964E-7
220	220	1.210911391574389E-6	4.4711938491355286E-7	6.211431657890894E-7	8.861414275370492E-7	0.003432748097355252	0.010193682946593317	1.6966574902810959E-6	0.9342883954951041	0.004068248882078909	2.7471739982579445E-7	2.2131188998052625E-6	0.04800736787214399	1.8085577098878512E-6	3.983398548777595E-7
221	221	3.752292567033111E-7	1.3855041386688242E-7	1.9247575836440835E-7	2.74591676568856E-7	0.020502980834317546	0.012682026938801912	5.257490625557229E-7	0.9170491826710828	8.352037774990341E-4	8.51276207799773E-8	0.0018333436189227601	0.047094986576686634	5.604239665331216E-7	1.2343493396882817E-7
222	222	2.176199789621344E-6	8.035444361617632E-7	1.1162927660276387E-6	1.5925366642010128E-6	7.037104265215849E-7	3.997473219864947E-6	3.0491625556587013E-6	1.7042477120608616E-6	4.0014316852710615E-6	4.93710730501035E-7	0.18790564117740496	0.31659874074639394	0.4954752638863296	7.158798855263089E-7
223	223	0.001236527258576931	9.498412953194064E-7	1.3195299713654219E-6	1.8824809430499504E-6	8.318310636930034E-7	1.1690298455601292E-4	3.604306596086303E-6	2.0145305990808286E-6	4.729950061286777E-6	5.835978928709661E-7	0.1626623862561442	0.3181512529579868	0.5178161682581649	8.462161483058679E-7
224	224	1.2755744247564986E-6	4.7099569479402967E-7	6.543123980051966E-7	9.334616467798211E-7	4.124782231789519E-7	5.7968423467985285E-5	1.7872595114992448E-6	9.989408166117263E-7	2.34542983805277E-6	2.893873917543879E-7	2.331300115912246E-6	0.16610475270086725	0.8338253601242802	4.196113231560682E-7
225	225	1.467643093254508E-7	5.419155205695059E-8	7.528349997660372E-8	1.074016938663464E-7	4.7458682427098906E-8	2.6959215737381704E-7	2.0563747806452164E-7	1.1493555857002136E-7	2.698591188192174E-7	3.3296168262729215E-8	2.6823338936692734E-7	0.1409567919297479	0.8590415671372454	4.82793985461844E-8
226	226	0.016942663550188152	1.0546637498900262E-6	1.4651504778222515E-6	0.048330363870599566	9.236301614097109E-7	5.246741693945338E-6	4.002070165946459E-6	2.236849888886252E-6	5.2519372373168606E-6	6.480025085835362E-7	0.30193237316063887	0.23841981641483148	0.3943530143551049	9.396027532048351E-7
227	227	2.4451378162924594E-6	9.028476600819808E-7	1.2542458965786491E-6	1.7893447283843772E-6	7.906760141294829E-7	4.491486942570145E-6	3.4259826273401672E-6	1.914861194713648E-6	4.495934601054967E-6	5.547242414114494E-7	0.37597371530113066	0.1807484422683856	0.44325497283936804	8.043493930895318E-7
228	228	0.9743309578042493	8.966332741298603E-7	1.2456128032841554E-6	1.777028499151903E-6	0.01016658665004801	0.015464950225617129	3.4024012644448835E-6	1.9016810237558935E-6	4.464988657390549E-6	5.509060219204503E-7	4.438089942252732E-6	1.4402364644845018E-5	3.6268009743819827E-6	7.988129800377902E-7
229	229	0.8258038079441455	1.1351127846419145E-6	1.5769111614708163E-6	0.006705177702531797	9.940840430007775E-7	2.7376408094319655E-4	4.307345360901529E-6	0.0045603985383187344	0.016092679832758278	6.974316999611518E-7	5.618498418688121E-6	0.14654423981366868	4.591429151865824E-6	1.0112750132530522E-6
230	230	0.7930769976433343	2.0852094739231224E-7	2.8967959289361376E-7	4.132655756567726E-7	1.8261387699856941E-7	1.037350102208698E-6	0.030734842568765488	4.4225475470602464E-7	0.04565883575116145	1.2811865110232872E-7	1.0321217671393269E-6	0.13052456089111816	8.434484833449999E-7	1.8577186927219905E-7
231	231	0.872577314421363	5.907373555914901E-7	8.206588297953505E-7	1.1707764441582302E-6	5.173429343263272E-7	2.938800460408425E-6	2.2416361110063075E-6	1.252902442464311E-6	2.9417105837083615E-6	3.629586096774503E-7	2.9239886495488876E-6	0.10521810622408312	0.02218829155264448	5.262894887518282E-7
232	232	0.8197378821432738	5.300860448565355E-7	7.364013620354784E-7	1.0505722193133218E-6	4.6422706689495105E-7	2.63707229267847E-6	2.011486168673293E-6	1.124266298771655E-6	2.639683632109618E-6	3.2569346094238816E-7	2.623781218123292E-6	0.18024535818149834	2.1441503895309754E-6	4.722550739366913E-7
233	233	0.8383074746236231	9.394086050782789E-7	1.3050367633705956E-6	1.8618044988266429E-6	8.226945522955511E-7	4.67337034806514E-6	3.56471828334783E-6	0.014979647990510908	0.0020016987430135844	5.771878788278831E-7	0.0015578881732968076	0.14313490950364718	3.799823341986832E-6	8.36921636690276E-7
234	234	0.7718530593857431	0.024396635151313042	7.862119981385881E-7	1.121633563322258E-6	4.956276681029705E-7	2.8154454667653914E-6	2.1475443167697065E-6	1.2003123551454711E-6	2.818233438784219E-6	3.477235647696297E-7	2.801255375841942E-6	0.20139362899215388	0.002341638284347867	5.041986944246915E-7
235	235	0.8303622658154337	8.248357174807402E-7	1.1458708481426256E-6	1.6347336412471745E-6	7.223564353592992E-7	4.103393095678868E-6	3.129955321855829E-6	1.7494046639875451E-6	4.107456447382193E-6	5.067924389669736E-7	0.0596216729926724	0.10054487192780771	0.009452529617131129	7.348483449510833E-7
236	236	0.7299084035526029	0.014739993105027115	7.989751568242652E-7	0.035321404116862846	5.036735572422701E-7	0.07573765858647505	0.012296351318090253	0.055426865275595164	0.029277929181058468	3.533684176164592E-7	2.8467302184615206E-6	0.020522160842386408	0.026764218890828292	5.123837233498278E-7
237	237	0.839045840082269	7.255339337543294E-7	1.007919718324687E-6	1.4379284313694812E-6	6.353921090125742E-7	3.609386537650463E-6	2.753140715192638E-6	1.538794235860296E-6	3.6129607033698445E-6	4.457798129349859E-7	3.5911949144236143E-6	0.15810356066849793	0.0028305948380007474	6.463801204603716E-7
238	238	0.9610381601575543	6.476223227625562E-7	8.996840516637243E-7	2.307390847301822E-4	5.671603964468148E-7	3.2217918204947704E-6	2.457494132133805E-6	1.3735504997329573E-6	3.2249821736918244E-6	3.9790965585817526E-7	3.205553708477005E-6	0.03450522304320215	0.0042093049972941	5.769684580209185E-7
239	239	0.05522332793645113	3.7227979785075995E-7	5.171751885484714E-7	0.4078808810853784	3.2602699183917757E-7	1.8520177046009195E-6	0.004486027803772731	7.895730032855506E-7	1.8538516500989767E-6	2.2873474406171544E-7	0.017192867369985897	0.5037337799125289	0.011476844567735867	3.316650667661499E-7
240	240	0.08019509587069604	6.18979930406905E-7	0.021492988734427988	0.4185860217904731	5.420765936922697E-7	0.011260861075335638	0.018424173527141912	1.3128024820212881E-6	3.082350887659504E-6	3.8031130557806824E-7	0.017182146358437348	0.4328497209532507	2.503718163818133E-6	5.514508741288494E-7
241	241	0.12339749721145282	7.083567585988315E-7	9.840569977283467E-7	0.5588369743320123	0.008366422301858537	3.5239335190158975E-6	2.6879595043733382E-6	1.5023629445203197E-6	3.527423065577249E-6	4.3522587800330543E-7	0.004437381207568973	0.30494485931211257	2.865239397667305E-6	6.310769292109611E-7
242	242	0.11536648507830156	7.022469057221855E-7	9.755691229316878E-7	0.6512182914344486	6.149983091286545E-7	3.4935382201966173E-6	2.66477480695817E-6	1.4894044791045301E-6	0.006555475483787423	4.314718853288102E-7	3.475930482602577E-6	0.2240225950678859	0.00282267936771946	6.256336449555085E-7
243	243	0.20306744243629252	6.919175736935595E-7	9.61219501302136E-7	0.682824667402722	6.05952314507289E-7	3.4421518546077287E-6	2.6255787015167626E-6	0.019940299982261718	3.44556041753977E-6	4.251253762473708E-7	3.4248031087819673E-6	0.0847511521376459	0.009400199301014172	6.16431215447643E-7
244	244	0.17391541425408552	0.0095664907832363	7.814070121698169E-7	0.6957895385346562	4.925986072432941E-7	1.3565835397455784E-4	2.1344194594362857E-6	0.05480599053229861	2.801009621083471E-6	3.45598429496084E-7	2.7841353206815875E-6	0.0594639365883923	0.006313130667655242	5.011172511779346E-7
245	245	9.224486944152288E-7	3.4060683195407004E-7	4.731747560671028E-7	6.750452663889917E-7	2.982891402191381E-7	0.008610098941777042	1.2924806040058376E-6	0.9858641675351631	1.696128936080942E-6	2.0927436025931777E-7	1.6859108386590966E-6	0.005516458992084932	1.3777240100876175E-6	3.034475368076243E-7
246	246	4.883059841331087E-7	1.8030309467262957E-7	2.504790416281777E-7	3.5734089617573347E-7	1.5790186820445504E-7	0.01565203988754389	4.327232947953835E-5	0.9842336840442116	8.978601350557385E-7	1.1078114485818045E-7	8.92451099141058E-7	2.896157203834851E-6	6.461152578841603E-5	1.6063250887633157E-7
247	247	0.04276883028676875	3.3623807082329923E-7	4.671056250678553E-7	6.663868624914776E-7	2.9446316293605133E-7	1.6727173048891694E-6	0.008102163193935303	0.6160652495818606	1.6743736996218996E-6	2.0659012258409954E-7	1.6642866636546672E-6	0.33305511516776326	1.3600527641244358E-6	2.9955539584137364E-7
248	248	0.046364701387124466	2.878129018663413E-7	3.998328478975881E-7	5.704135054952514E-7	2.520544363398529E-7	1.4318117527363512E-6	0.013767505912464206	0.6467161371158177	1.433229592701635E-6	1.7683691359596244E-7	1.4245952965142618E-6	0.29314425840675334	1.1641773097719905E-6	2.5641328340875094E-7
249	249	1.3011229308676583E-6	4.804292771497375E-7	6.674176343399831E-7	9.521579690989519E-7	4.2073975790486133E-7	2.3900397825149394E-6	0.07189068646513462	0.7613307499795132	2.3924065000082074E-6	2.951835377128183E-7	2.3779937733753937E-6	0.16676491475523336	1.943293228972833E-6	4.280157268865766E-7
250	250	1.6346484342316535E-6	6.035809123186859E-7	8.385012400211218E-7	1.1962309605064553E-6	5.28590781210466E-7	3.0026945921505626E-6	0.0696465936484696	0.8109261461241447	3.0056679860957905E-6	3.7084989918012417E-7	2.987560749289483E-6	0.11941011273946273	2.441430520231542E-6	5.377318477625309E-7
251	251	6.662190997815822E-7	2.4599609532511573E-7	3.417404804570025E-7	4.875371957359538E-7	2.1543303565234633E-7	1.223781484880485E-6	9.334668363662103E-7	5.217362771327016E-7	1.2249933245617292E-6	1.5114398962612642E-7	0.999988822396371	3.9513651437022685E-6	9.950320872099126E-7	2.1915857871214357E-7
252	252	2.562348020294323E-6	9.461265941836474E-7	1.3143694677029117E-6	1.8751188141009863E-6	8.285778846490023E-7	4.706791003266651E-6	3.5902106393490217E-6	2.0066520417457212E-6	4.711451864849827E-6	5.813155202618183E-7	0.9999570097727007	1.519736173391738E-5	3.826997003879853E-6	8.429067111370487E-7
253	253	1.0446494445666048E-6	3.8572848546549586E-7	5.35858253256884E-7	7.644714192344507E-7	3.378047869076461E-7	1.9189222417526316E-6	1.4637010743928024E-6	8.180964975270325E-7	1.9208224389254993E-6	2.3699783579347728E-7	0.9999824732172544	6.195846687676324E-6	1.5602370414936594E-6	3.436465385016819E-7
254	254	1.093779107873904E-6	4.0386922226243766E-7	5.61059564280287E-7	8.004243636699149E-7	3.536916813397318E-7	2.00916878727136E-6	1.5325386555942975E-6	0.10064273881685355	2.011158350353343E-6	2.4814379862115357E-7	0.8469201322888152	6.4872361707727025E-6	0.052421268016459674	3.5980816939242615E-7
255	255	1.480214465712483E-7	0.9131204420712309	7.592835492975664E-8	1.0832166323929334E-7	4.7865198681560206E-8	2.719013996123914E-7	2.0739890449029876E-7	1.1592006067553331E-7	2.72170647766173E-7	3.358137284317389E-8	2.705309928230368E-7	0.08687773651822871	2.2107755388866375E-7	4.86929447986491E-8
256	256	6.890400143620604E-7	0.9999874346150515	3.5344658482380564E-7	5.042374745216322E-7	2.228125582539156E-7	1.2657013468910226E-6	9.654421534104178E-7	5.396080238566932E-7	1.2669546973753345E-6	1.5632133155123985E-7	1.2593221016148032E-6	4.08671666161923E-6	1.0291162830465331E-6	2.266657174387405E-7
257	257	1.0217033393159268E-6	0.9999813681419157	5.240879316981738E-7	7.476795262811487E-7	3.303847818189711E-7	1.8767724163196697E-6	1.4315503475789078E-6	8.001267102121555E-7	1.8786308749700578E-6	2.3179209207477345E-7	1.8673133195108102E-6	6.05975266019951E-6	1.525965867028073E-6	3.36098217213135E-7
258	258	6.024719828727927E-7	0.9999627406474846	3.090410721582903E-7	4.4088724135285007E-7	1.948193442792711E-7	1.106684059404295E-6	8.44148142909623E-7	4.71813986605698E-7	1.1077799443105105E-6	1.366817900585722E-7	1.1011062751382332E-6	3.573279111873573E-6	2.7172451155507545E-5	1.9818840907379574E-7
259	259	7.968587996396018E-7	0.999985468423664	4.0875277988053286E-7	5.831389473840928E-7	2.576775572014156E-7	1.4637542594962271E-6	1.1165114644326783E-6	6.240441675429323E-7	1.4652037302695337E-6	1.8078199527107753E-7	1.456376810251685E-6	4.726193059281305E-6	1.1901491189263838E-6	2.62133646454349E-7
260	260	0.0667420386485267	0.051200714993866595	4.94062598676999E-7	0.6375900854452708	0.014322971455829323	1.7692509234618533E-6	1.3495359119795981E-6	0.22622317878732215	0.003529933583309417	2.1851257477379505E-7	3.7977775307289043E-4	5.712585552079141E-6	1.4385423058939648E-6	3.1684293524747574E-7
261	261	0.18345715888368608	1.671981301448547E-4	6.53730574510845E-7	0.6452921396215135	4.121114419260129E-7	0.023844381143083855	1.7856702560037602E-6	0.07497282117108703	0.0252337797384813	2.891300645449309E-7	0.04268458286314874	0.004342475127154187	1.9034411643554316E-6	4.192381990534951E-7
262	262	0.17764478207143058	5.866445135383092E-7	7.009858973677571E-5	0.6193966962146602	6.979737532353161E-5	0.015314597736311997	2.2261052452904104E-6	0.11875336329395288	0.020995857197982287	3.6044390115734233E-7	0.04746218118899043	2.865575704764546E-4	2.3729243099765165E-6	5.226431648291538E-7
263	263	0.04867802905513214	0.02450574331917338	7.854245486188369E-7	1.1205101642735712E-6	0.9048224742253227	2.8126255897017765E-6	2.1453933921528242E-6	0.009616309802319723	0.012222018582063982	3.4737529387738653E-7	2.798449711204885E-6	1.4262465434514214E-4	2.2868892409614184E-6	5.03693702106177E-7
264	264	0.01784309177430325	0.048855683336043385	7.04260128655666E-7	1.0047185739724675E-6	0.9158553865896975	2.521973705999957E-6	1.923692134440534E-6	1.0751961756665096E-6	0.01742514252060353	3.114781293608535E-7	2.5092627383690323E-6	8.14298885735722E-6	2.050566045959364E-6	4.5164286254120444E-7
265	265	0.11724236775355487	2.980241245785569E-7	4.140183907661206E-7	5.906510254427504E-7	0.7642702242239953	1.482610548045216E-6	1.130894522384525E-6	0.11833330300375851	1.4840786911051905E-6	1.8311085439833747E-7	1.4751380614603499E-6	4.787076543982288E-6	1.419939054401821E-4	2.6551048901099716E-7
266	266	0.09565405897417652	6.234922343790572E-7	8.661622675608166E-7	1.2356930101291502E-6	0.7985027050946794	3.1017494460285093E-6	2.3659291126370016E-6	0.10581537646512518	3.104820928238703E-6	3.830837383024802E-7	3.0861163580570094E-6	1.00149779980793E-5	2.5219700276682577E-6	5.554708977960832E-7
267	267	0.17249291014686163	6.809006875454627E-7	0.020024384356761894	1.3494702480617172E-6	0.5488358066131156	3.3873450444782484E-6	2.5837735751155528E-6	1.4441310108908717E-6	3.3906993354114583E-6	4.18356422766709E-7	0.15922589282369093	0.09940439058494457	2.7541820589290187E-6	6.066162421373579E-7
268	268	0.009527618321925477	1.6947316459502305E-7	0.8064262379844116	3.358771663019948E-7	1.4841747086295294E-7	8.430951749107588E-7	6.430897961791125E-7	2.037447845388511E-5	2.0858970686146086E-5	1.0412706021859262E-7	4.2115469940636E-4	0.18358067497747535	6.855037128544127E-7	1.5098409522885766E-7
269	269	7.279526070906867E-7	2.6879070111432675E-7	0.9999868296184125	5.327135964820344E-7	2.3539559284325674E-7	1.3371800999402822E-6	1.0199641790339793E-6	5.700816492307938E-7	1.3385042316795658E-6	1.6514936502195448E-7	1.3304405955090422E-6	4.317508397565235E-6	1.0872342180835327E-6	2.394663539248546E-7
270	270	1.6724405303372747E-6	6.175353427443255E-7	0.9999697416016476	1.2238871063034744E-6	5.408114845652158E-7	3.0721150988638132E-6	2.34332484820142E-6	1.3097386374994068E-6	3.075157235902287E-6	3.7942372749517886E-7	3.0566313705889185E-6	9.919294146109282E-6	2.497874936610992E-6	5.501638871198175E-7
271	271	1.4794138365183966E-6	5.462617737509897E-7	0.8330746021089199	1.0826307342818808E-6	4.783930900385951E-7	2.7175433160063687E-6	2.072867250584645E-6	1.1585736098781446E-6	2.7202343412151364E-6	3.3563209105351746E-7	0.13161198443223757	0.03529812566296662	2.209579758491968E-6	4.866660740359258E-7
272	272	2.5892548502541644E-6	9.56061726799731E-7	0.9205757678898936	1.8948091538541784E-6	8.372786560017457E-7	4.7562163054419806E-6	3.627910899589971E-6	2.027723592076975E-6	4.760926110029422E-6	5.874198268325179E-7	0.06583263588197513	0.013564839685341014	3.86718372200895E-6	8.517579473348421E-7
273	273	0.8582436598246247	5.113275196444916E-7	1.2148747029855165E-4	1.013394886209985E-6	4.477991393481715E-7	2.5437523730763994E-6	1.9403043023048857E-6	0.1268170693914004	0.001270706120406201	3.141679188954567E-7	2.530931639062267E-6	8.213308164378404E-6	0.013529106664273545	4.5554305369598746E-7
274	274	0.7819667005203419	1.04930510228987E-6	1.4577061856555128E-6	0.016484043666265828	9.189372831834649E-7	5.220083491471014E-6	3.98173602277273E-6	0.1303708434551057	5.225252636773936E-6	6.447100686111959E-7	5.193773814993041E-6	0.06520116367391324	0.0059526223510479	9.348287197376887E-7
275	275	7.057939221279479E-7	2.6060878321350374E-7	3.620405871442491E-7	5.164979354007596E-7	2.2823021321191346E-7	1.2964766911133818E-6	9.889167389996354E-7	0.7619788507580059	1.297760516632488E-6	1.6012226199948813E-7	0.23800986039360403	4.186084583056238E-6	1.05413909583992E-6	2.321770614020853E-7
276	276	1.0790083426738009E-6	3.9841523487993733E-7	5.534828250396142E-7	7.896151607411886E-7	0.0019765938257994063	1.982036288405252E-6	1.5118427321862643E-6	0.7619373648987152	1.9839989837504837E-6	2.447927803406716E-7	0.2360691319498113	6.39963032642415E-6	1.6115538021645026E-6	3.5494919745840823E-7
277	277	9.087044960733907E-7	3.355318962060938E-7	4.661245995249443E-7	6.649873020955403E-7	2.9384472490237387E-7	1.6692042270881321E-6	0.010066488427697437	0.9645177906938678	0.025323216194830574	2.0615623744915028E-7	8.091445432082844E-5	5.389553185861987E-6	1.357196351292501E-6	2.989262629877615E-7
278	278	1.1345832263398062E-6	4.1893581795008185E-7	0.0020786144186373044	8.302846986526039E-7	3.6688637226214637E-7	2.0841220942267024E-6	0.009550643489065262	0.958320176753424	0.030034602472410816	2.574009593061827E-7	2.073617936940849E-6	6.729246601693286E-6	1.6945577156049351E-6	3.7323103975372446E-7
279	279	9.194159571942364E-7	3.3948701789476755E-7	4.716190980630895E-7	6.728259181286201E-7	2.973084541564472E-7	1.6888801682312272E-6	1.2882313118133174E-6	7.200223752218841E-7	1.6905525681081782E-6	2.0858632834426353E-7	0.32436163434983833	0.042625308594009224	0.6330044576770638	3.024498914696597E-7
280	280	1.5180998318905633E-6	5.605462693597744E-7	7.787170408384592E-7	1.110941032957172E-6	4.909028506008348E-7	2.7886058311401305E-6	2.127071781381756E-6	1.18886978002587E-6	2.791367225427653E-6	3.4440871676887764E-7	0.3053897131191089	0.030991246957962414	0.663604841000399	4.993921693469252E-7
281	281	1.8626229364296284E-6	0.01405267417235908	9.554419220559415E-7	1.3630620368555715E-6	6.023101313100711E-7	3.421462194139448E-6	2.609797197922023E-6	0.3128003007517881	3.4248502693031607E-6	4.2257008523682633E-7	0.2718646673771481	1.1047271609717166E-5	0.40125603558427475	6.127260469692132E-7
282	282	0.02200242402894208	7.451353202506107E-7	1.0351501799708752E-6	1.4767762228041522E-6	6.52558179028067E-7	0.08184521727786132	0.010651024032527564	0.27166259384871055	3.7105702511082532E-6	4.5782322262137193E-7	0.16861479992061426	0.14327861287032675	0.3019365861645936	6.638430480716206E-7
283	283	0.8228333858960074	3.2467318661047986E-7	4.510395607586021E-7	6.434665343835164E-7	2.8433512366923783E-7	1.615184313742582E-6	1.232018142229747E-6	6.886035302433838E-7	1.6167837368978585E-6	1.994844702070585E-7	1.6070436438057323E-6	0.17715634894569318	1.3132738473232808E-6	2.8925220959078594E-7
284	284	0.9449239865238533	5.407497665621942E-7	7.512155214811202E-7	1.0717065424805833E-6	4.735659059336995E-7	2.690122180181993E-6	2.051951162848567E-6	1.1468831230579774E-6	0.005175626300857933	3.322454244632962E-7	2.6765637295628703E-6	0.049885983132335054	2.1872841850173785E-6	4.817554121014304E-7
285	285	0.8282771072232118	2.432540442134832E-7	1.727099852521321E-4	4.821027521210534E-7	2.130316625975742E-7	1.2101403277857886E-6	9.230617371594639E-7	5.159206257224627E-7	1.2113386594219532E-6	1.4945922896265672E-7	2.993271679143423E-5	0.17151410110929174	9.839407370108862E-7	2.167156780490773E-7
286	286	0.870885253475228	4.100099571350387E-7	5.695903406852875E-7	8.125946245660854E-7	3.590694787108334E-7	2.039717717857909E-6	1.5558405390933619E-6	8.695953825618838E-7	2.041737531770422E-6	2.5191676569469414E-7	2.0294373625051813E-6	0.12910178328269367	1.6584534111638443E-6	3.652789665006026E-7
287	287	0.9818851076182451	3.657193556203174E-7	5.080613500670971E-7	7.248155253433623E-7	3.202816324136217E-7	1.8193808136631472E-6	1.387773612575434E-6	7.756588771237856E-7	0.018099276207709233	2.2470390198224943E-7	1.8102109755416083E-6	5.874445739740308E-6	1.4793019103616438E-6	3.258203512512686E-7
288	288	0.9735933033268624	6.978482501420021E-7	9.694584622346142E-7	1.3830584525084436E-6	6.111461515438943E-7	3.4716557864519663E-6	2.6480834887351237E-6	1.4800753140063575E-6	0.026376898633837142	4.287692800191548E-7	3.4541583382341997E-6	1.1209337479769332E-5	2.822733425816644E-6	6.217148709443878E-7
