0	0	0.007799654622788961	0.02230696423743681	3.5057741948405457E-7	0.8093927684513061	0.16049306732230248	1.91282470272975E-6	2.822829149212638E-7	5.478355414011361E-7	7.667647352501889E-7	1.3653407860552386E-6	1.4921822761960263E-6	8.275577896176379E-7
1	1	2.2540904741674225E-6	3.2926430764460395E-6	4.7223450667917624E-7	0.9999792610758189	5.028437716247233E-6	2.5766115546937287E-6	3.8024049942516616E-7	7.379449795016013E-7	1.0328468017784908E-6	1.8391402204416083E-6	2.009998139959756E-6	1.114736211772389E-6
2	2	7.788091734176127E-7	1.1376387337217853E-6	1.6316140368852224E-7	0.9991122101184476	1.737371887354678E-6	8.902431992533438E-7	2.681696422126987E-5	2.549668374449783E-7	3.568581532900729E-7	6.354400106367815E-7	8.546332762280834E-4	3.851517042543751E-7
3	3	3.1218819474230434E-6	0.007706403673883161	6.540378029397795E-7	0.9922694334849822	6.96431181889082E-6	3.568568870817434E-6	5.266274643536686E-7	1.0220428754300322E-6	1.4304775348988065E-6	2.547181987048244E-6	2.783817676977674E-6	1.5438931558221427E-6
4	4	0.0021150784611787717	0.003055124506631649	1.436427888751098E-7	0.9948251759200082	1.5295341764113215E-6	7.837455000201496E-7	1.156603446130675E-7	2.2446575460443787E-7	3.1416805207966873E-7	5.594238173198412E-7	6.113948353497865E-7	3.39076912115287E-7
5	5	1.6366980709940145E-6	2.390792487458406E-6	3.4289009913149134E-7	0.33251113365781043	0.6084804461841801	0.05899888363408725	2.7609312893833113E-7	5.35822824456992E-7	7.499514271837672E-7	1.3354021436056654E-6	1.459462304674707E-6	8.094114359579743E-7
6	6	3.2875165392181997E-6	4.8022112224917964E-6	6.88738437471445E-7	0.30483467473703213	0.30595237877293363	0.38919379116708425	5.545682150147691E-7	1.076268389821676E-6	1.5063729616175153E-6	2.6823252934762687E-6	2.9315159283285776E-6	1.6258059625671326E-6
7	7	1.5450262591302568E-6	2.2568836847294674E-6	3.236847507446402E-7	7.559092669324351E-6	0.04727860974405765	0.08158186275878011	0.8711232266524249	5.058112725242053E-7	7.079464860415116E-7	1.2606059816008257E-6	1.3777175062983453E-6	7.640761269034157E-7
8	8	2.8783363857711737E-6	4.204504868329541E-6	6.030147320033504E-7	0.4144365645668327	0.21678429247427444	0.36876237179976085	4.855439820992597E-7	9.423108386903453E-7	1.3188825224881395E-6	2.3484701593389156E-6	2.5666453267433625E-6	1.4234503165035204E-6
9	9	2.1769163889986574E-6	3.1799117020295586E-6	4.560664484509236E-7	0.5178971933880139	0.20550354924594094	0.2765865731602111	3.672220722486393E-7	7.126796987373257E-7	9.974848640212312E-7	1.7761729324661393E-6	1.941181129542457E-6	1.0765705975994244E-6
10	10	0.010193349626992238	3.081310938353341E-6	4.419250180220031E-7	0.006876758827938096	0.9829172988226901	2.4112365607312757E-6	3.558354740800898E-7	6.905813610673877E-7	9.665554613949923E-7	1.7210984448788234E-6	1.8809901683643254E-6	1.0431889527547218E-6
11	11	0.011706732896572114	2.123447439902116E-6	3.0454717713396497E-7	7.112168024106089E-6	0.988277476816047	1.661673944733218E-6	2.4521962943003587E-7	4.7590562995447553E-7	6.660897783718729E-7	1.186073771753301E-6	1.2962611814920492E-6	7.189008040340672E-7
12	12	3.4912310719471394E-6	5.0997854562896375E-6	7.314168627472374E-7	0.17610603589088936	0.8236303797428957	2.4324206287486443E-4	5.889326367417309E-7	1.1429605294680945E-6	1.5997169981662706E-6	2.848538493400574E-6	3.113170496572641E-6	1.7265507947288135E-6
13	13	1.4494904292643115E-6	2.1173305512746886E-6	3.03669886211044E-7	0.21098917286685445	0.7853254246142282	0.003676956794932728	2.445132398419085E-7	4.745347169377957E-7	6.641710132008563E-7	1.182657119648146E-6	1.292527119075317E-6	7.168299092853623E-7
14	14	3.864280600412793E-6	5.644714313915723E-6	8.095711613704756E-7	0.20472174050713907	0.795251326355631	4.4171918384421004E-6	6.518620269502124E-7	1.265089623127634E-6	1.7706520235330058E-6	3.152914204970615E-6	3.445823008493569E-6	1.9110384286242007E-6
15	15	1.4282801853192126E-6	2.0863478717079526E-6	2.9922631608786235E-7	0.21470437421968327	0.7852856709995409	1.6326421991525804E-6	2.409353028233898E-7	4.675908993702816E-7	6.544522672699821E-7	1.1653514200003897E-6	1.273613703058381E-6	7.063406111595357E-7
16	16	0.5633955615734837	2.0446217373937215E-6	2.932419078188743E-7	0.4365929599601501	3.1224924235841405E-6	1.5999899992904577E-6	2.3611669182233046E-7	4.582392658599676E-7	6.413634801234718E-7	1.142044851362625E-6	1.2481419314718167E-6	6.92214077606571E-7
17	17	0.5621004635801956	1.0804359124211735E-6	1.5495731187827096E-7	0.43789347087376485	1.6500132464617766E-6	8.454799355462662E-7	1.2477073323700253E-7	2.421465791260364E-7	3.38914589514307E-7	6.034887766481154E-7	6.595534723600554E-7	3.6578548239586627E-7
18	18	0.30257061839343846	3.5118016121888755E-6	5.036664659314244E-7	0.6974096664211297	5.363130855278956E-6	2.7481109861213987E-6	4.05549331615411E-7	7.870626449793034E-7	1.101593151585943E-6	1.9615535122499606E-6	2.143783745921904E-6	1.1889331259958543E-6
19	19	0.27477192404486733	1.1427006778022292E-6	1.6388739329935067E-7	0.7252216608559204	1.7451023549275897E-6	8.942043524376006E-7	1.3196118326010008E-7	2.56101316990424E-7	3.584460000845427E-7	6.382674124340086E-7	6.975630773173098E-7	3.8686544371456833E-7
20	20	0.9999728154258478	3.032865449477393E-6	4.349769125003872E-7	1.0158126952359873E-5	4.631712171765718E-6	2.373326224411043E-6	3.5024089961289014E-7	6.797237902753253E-7	9.513589256380324E-7	1.6940387104885163E-6	1.8514165582677216E-6	1.0267875574339372E-6
21	21	0.9999438622188918	1.0046612533331514E-6	1.4408962658034363E-7	5.04976325198622E-5	1.5342921844311922E-6	7.861835412435127E-7	1.1602013575453853E-7	2.2516401285656795E-7	3.1514535231554147E-7	5.611640484636523E-7	6.13296735663467E-7	3.401316977435381E-7
22	22	0.055518215946210744	1.5171564885679936E-6	2.175922592579734E-7	0.42421325694751105	0.13270972352934815	1.1872294834161688E-6	1.7520403138924292E-7	3.4002410460640085E-7	0.3875174912238456	8.474236210992739E-7	3.6514084284558184E-5	5.136388115767583E-7
23	23	0.07817931626891463	2.122813019839321E-6	3.0445618790785526E-7	0.38472186783502704	0.12110423736744597	1.661177488231139E-6	2.45146365430288E-7	4.757634441513486E-7	0.41598656889277924	1.1857194097933035E-6	1.2958738989604885E-6	7.18686018829278E-7
24	24	3.827788838334096E-6	0.40672551732783685	8.019260958948084E-7	0.3311918372090686	0.22953445661414107	0.03253147693885045	6.457062643502956E-7	1.2531429364583295E-6	1.7539311331401007E-6	3.123140126191231E-6	3.413282888767838E-6	1.8929918199868378E-6
25	25	1.6989135938126307E-6	0.40190227779231696	3.55924321609579E-7	0.4007438560940811	0.19181430967547586	0.005532139077228815	2.865882096547724E-7	5.561909655042244E-7	7.784592020493343E-7	1.386164556056649E-6	1.5149405947323555E-6	8.401794539302252E-7
26	26	0.009922445928125563	0.2920369719226887	3.351280722512766E-7	0.622719067150476	0.07520467953309533	1.8285297898645724E-6	2.698431896904787E-7	5.236933661349165E-7	7.329747248776925E-7	1.3051725529560137E-6	5.623772977050981E-5	5.560239414825036E-5
27	27	3.5395003853404172E-6	5.170294436461733E-6	7.415293385592105E-7	1.731712406684849E-5	0.9999580133812818	4.045941232274443E-6	5.970751439045586E-7	1.1587629552760984E-6	1.6218344803763427E-6	2.8879220215650625E-6	3.1562127928999257E-6	1.7504218647561829E-6
28	28	2.645114523701349E-6	3.863828059558721E-6	5.541544878190425E-7	0.07261061559912585	0.9273709485677083	3.023584334064702E-6	4.4620199546358457E-7	8.6595857856733E-7	1.212017932488656E-6	2.158181565453912E-6	2.3586787369677473E-6	1.3081129518299723E-6
29	29	2.164966322403901E-6	0.009795148548821554	4.5356289596807905E-7	0.06862867653452674	0.12960028192665432	2.474735289358378E-6	0.7918901496272924	7.08767481481908E-7	9.920092239771051E-7	7.594813555206546E-5	1.930525119101382E-6	1.0706608206322035E-6
30	30	3.2214716285524315E-6	4.705736693039529E-6	6.749019539033046E-7	0.0954965789665813	0.8891378078068353	3.6824081004610555E-6	5.434271582986149E-7	1.0546465823538823E-6	0.015344636428939018	2.6284384362480767E-6	2.872622929527793E-6	1.5931441620022738E-6
31	31	2.6571559307420447E-6	3.8814174402768396E-6	0.06345989374679023	1.300022429950852E-5	5.927598405307357E-6	0.006922563341900111	4.4823324961216836E-7	8.699006988919805E-7	0.9294938604962424	2.1680062979804234E-6	9.341581084466417E-5	1.314067900232792E-6
32	32	1.5607248811077488E-6	2.2798153103923745E-6	3.269736298247144E-7	0.16482565878687483	0.793664830695057	1.7840374237176841E-6	2.6327727970941015E-7	5.109506932378581E-7	0.04149934776831156	1.2734146809033584E-6	1.3917161462537114E-6	7.718397116369433E-7
33	33	0.003695813757843437	3.4229802716213925E-6	4.909276111659264E-7	0.11169879916890783	0.8662043386468808	2.6786050946244726E-6	3.9529207927652504E-7	7.671560651215426E-7	1.0737313896503545E-6	0.018388971308870357	2.0895626459774563E-6	1.158862340183378E-6
34	34	1.6408389520263595E-6	6.770691962294853E-4	3.437576183965505E-7	0.17367993657213043	0.8147267517346555	1.8756144225951094E-6	2.7679165044394223E-7	0.008883723185783763	7.518488202919042E-7	0.0020253558456976204	1.463154775437613E-6	8.114592641566632E-7
35	35	7.155655796912325E-7	0.03315015315614881	1.4991179919115764E-7	0.7096444994108733	0.25720140536348046	8.179505489701132E-7	1.207081155399282E-7	2.3426212616081415E-7	3.278793060513004E-7	5.838387824516457E-7	6.380779745452992E-7	3.538752648667959E-7
36	36	2.9113566474489153E-6	4.252738928692984E-6	6.099325142141843E-7	1.4243909811544793E-5	0.999965464611329	3.327921067774364E-6	4.911141404116193E-7	9.531210242646039E-7	1.334012736673682E-6	2.3754117981227236E-6	2.5960898700364884E-6	1.4397801319373817E-6
37	37	0.12688650209350394	9.450204050696554E-7	0.004411436230209891	3.1652038005584022E-6	1.4432102530240253E-6	7.395124338080459E-7	1.0913270052292213E-7	2.117973455539072E-7	0.8686940231193413	5.278510290212159E-7	5.768889042368549E-7	3.199400730467302E-7
38	38	1.2867204819207157E-6	1.8795657648490972E-6	2.6956939793566116E-7	9.447325750383004E-5	0.9998965585999363	1.4708277681722502E-6	2.1705572348281146E-7	4.2124703091431766E-7	5.895881952234271E-7	1.0498511119614575E-6	1.1473833037975306E-6	6.363337816580049E-7
39	39	0.05394522366154767	4.430868075700018E-6	6.354799932178436E-7	0.09573884307395299	0.8502978251628847	3.4673135277981387E-6	5.11684823066127E-7	9.930432103882895E-7	1.3898888567140988E-6	2.4749076958217836E-6	2.704829033633659E-6	1.5000863983412078E-6
40	40	8.42526919028545E-7	1.2307138770387716E-6	0.9999883026886943	4.122091142271113E-6	1.8795137928798335E-6	9.630778442960652E-7	1.4212510994656976E-7	2.758267767498171E-7	3.8605426166504616E-7	6.874281051928426E-7	7.512908463618379E-7	4.166626303591681E-7
41	41	0.039817718018755305	2.030404318551849E-6	2.912028299057318E-7	0.11488357472587214	0.8452904093852734	1.588864358030419E-6	2.3447483805456486E-7	4.5505286739155073E-7	6.369037147497456E-7	1.1341035634015942E-6	1.23946289011698E-6	6.874007190818212E-7
42	42	3.5961993045892766E-6	5.25311689015037E-6	7.534078263428996E-7	0.10438691956151412	0.8955880157655514	4.110752779170855E-6	6.066396337150292E-7	1.1773250685907011E-6	1.647814492306481E-6	2.9341833691201837E-6	3.206771864744648E-6	1.7784617057383454E-6
43	43	9.307984194032083E-7	1.3596557043021573E-6	0.9999551837231481	3.644740127595265E-5	2.07643035272539E-6	1.0639794586820262E-6	1.570155501361403E-7	3.0472513344005445E-7	4.265011460714207E-7	7.594499111133584E-7	8.300035482688296E-7	4.603163519212816E-7
44	44	0.0039011086509054345	2.5574510946559727E-6	3.667924606467059E-7	0.08075526858189046	0.9153331709587763	2.0012974039589E-6	2.953391724854213E-7	5.731742408166781E-7	8.02229431642926E-7	1.4284910513504607E-6	1.5611992627044738E-6	8.658343096595486E-7
45	45	2.9499063154215095E-6	4.309050021261768E-6	6.180087133048211E-7	0.6838028441526246	0.3161765956862939	3.3719865216974065E-6	4.976170493101575E-7	9.657414289324057E-7	1.3516765801313514E-6	2.4068649477037114E-6	2.6304650478782745E-6	1.4588444558113937E-6
46	46	9.316601209113638E-7	1.3609144272936732E-6	0.9240742550821341	3.648114304000504E-5	0.07588296550427086	1.0649644546651313E-6	1.5716090979032078E-7	3.050072376009388E-7	4.268959863216174E-7	7.601529840023246E-7	8.3077193731463E-7	4.607424971385603E-7
47	47	1.545271677844444E-6	2.2572421779840013E-6	3.237361662431537E-7	0.7827396401716012	0.21719664152264118	1.7663731362626879E-6	2.606704927175402E-7	5.0589161779432E-7	7.080589393511501E-7	5.420892770442016E-5	1.3779363489600222E-6	7.641974960901836E-7
48	48	1.877862693028546E-6	2.743071613840423E-6	3.9341436052211377E-7	0.9389844012913034	0.06061644511772609	2.146552131973676E-6	3.167749726251789E-7	6.14775388297411E-7	8.604554692464477E-7	3.8759749598975675E-4	1.674511543943841E-6	9.286768071847398E-7
49	49	1.2793875878514381E-6	1.8688543035460914E-6	0.9687259513001328	0.03126254563399064	2.854065031629652E-6	1.4624456647009047E-6	2.1581874416228805E-7	4.188463853210483E-7	5.862281898136924E-7	1.043868113244413E-6	1.1408444786666475E-6	6.327073777271096E-7
50	50	1.5854829341442015E-6	2.3159804212656947E-6	3.3216046996977314E-7	0.02287897955321698	3.536904252905721E-6	1.8123379228575894E-6	0.9771067005488424	5.190559938679195E-7	7.264841392003443E-7	1.2936150817483976E-6	1.413793184031299E-6	7.840835406087636E-7
51	51	3.322699515860703E-6	4.853604449950196E-6	6.961093109162716E-7	0.9009190751246992	0.09894391545053235	1.1764910170001165E-4	5.605031997738661E-7	1.0877866058271124E-6	1.5224941534324439E-6	2.7110315180753433E-6	2.962888989179562E-6	1.6432053254369067E-6
52	52	0.005922677900785923	1.7653102863916144E-6	2.5318275102250706E-7	0.9142310970042842	0.07979760173600656	4.279029565705439E-5	2.0386128995871778E-7	3.956401689645983E-7	5.537481716403496E-7	9.86032519736829E-7	1.0776359021363603E-6	5.976521765544815E-7
53	53	1.972971160355092E-4	1.6724408122200618E-6	2.3986330846443474E-7	0.8203140600172468	0.1794818079242968	1.3087450480538584E-6	1.9313655167993082E-7	3.7482632409204006E-7	5.246165782201266E-7	9.341593038325649E-7	1.0209436139016625E-6	5.662108804820777E-7
54	54	4.144125531593843E-6	6.053495365826314E-6	0.0024148141147473413	0.09601012462877075	0.9015470458641449	4.737077704367644E-6	6.990688172779996E-7	1.3567053609920622E-6	1.8988797701459847E-6	3.381243136005153E-6	3.6953639198267036E-6	2.0494327309131063E-6
55	55	1.1742708526625655E-6	1.715305945880415E-6	0.0023339296770610103	0.210801757678571	0.7868563742606496	1.342288555843342E-6	1.9808669642763658E-7	3.8443322937934653E-7	5.380626503211726E-7	9.5810207246525E-7	1.0471106890829277E-6	5.807230263795416E-7
56	56	0.026300715434783215	2.3703213379871832E-6	6.119467622654688E-4	0.15685728501892512	0.7925904426502657	0.023632117904235354	2.737290828154982E-7	5.312348440333071E-7	7.43529971602586E-7	1.3239677690083935E-6	1.4469656655295954E-6	8.024808543302782E-7
57	57	2.8424532360136432E-6	4.1520888690765165E-6	5.954971714981088E-7	0.38316793503447744	0.6168122537274187	3.249158778462302E-6	4.794908857656748E-7	9.305633997495662E-7	1.3024405043484314E-6	2.3191926548591633E-6	2.534647913553826E-6	1.4057046905468049E-6
58	58	1.2979365193356897E-6	1.8959494940573112E-6	2.719191704741888E-7	0.49668394483501627	0.5033070088492512	1.4836486251575818E-6	2.1894774676986088E-7	4.2491894142329544E-7	5.94727495755258E-7	1.059002415230008E-6	1.1573847720616398E-6	6.418805523854237E-7
59	59	0.001143701033191555	5.415727407295229E-7	0.0010798896052114217	0.9977734466558041	8.270756144377214E-7	4.238001353541814E-7	6.2541819635161E-8	1.213769229696292E-7	1.698822678942336E-7	3.025011173836485E-7	3.3060376610701484E-7	1.8335140839244634E-7
60	60	0.002612577169463821	8.837422147422463E-7	1.2674728451309157E-7	0.9973824615190608	1.3496278159752125E-6	6.915600473566286E-7	1.0205618200785911E-7	1.9806371823531428E-7	2.7721508189657187E-7	4.936234550478299E-7	5.394815552717382E-7	2.991941202775118E-7
61	61	5.712115606086024E-4	3.032865449477393E-6	7.82996027775088E-4	0.9986292009413289	4.631712171765718E-6	2.373326224411043E-6	3.5024089961289014E-7	6.797237902753253E-7	9.513589256380324E-7	1.6940387104885163E-6	1.8514165582677216E-6	1.0267875574339372E-6
62	62	5.722207193004625E-7	8.358664442249435E-7	1.1988088862771465E-7	0.9999947352414429	1.276513201188769E-6	6.540955361294065E-7	9.652739966819752E-8	1.8733383234341617E-7	2.6219725721487273E-7	4.668819428041031E-7	5.102557304693773E-7	2.829856051657716E-7
63	63	0.02374926339213636	5.6238642578318345E-6	8.065808232984743E-7	0.9702828109978409	2.724265437579346E-4	4.400875920143496E-6	6.494542239924326E-7	1.2604167224055676E-6	0.005674279531496881	3.141268188122736E-6	3.433095065326432E-6	1.903979566793576E-6
64	64	1.43763769349083E-6	5.136010244627349E-5	3.011867246454658E-7	0.08094135445586227	3.2070902579534303E-6	1.6433386037354691E-6	0.9189964008815844	4.70654363882921E-7	6.58739971112589E-7	1.1729863263356774E-6	1.2819578996357417E-6	7.10968266229464E-7
65	65	1.8632362975308153E-6	2.7217062336922493E-6	2.5576256264358405E-4	0.7144767235502832	0.2852549179134488	2.1298329540724897E-6	3.1430765909336457E-7	6.099869934883065E-7	8.537535085290287E-7	1.520237476821486E-6	1.6614690205484066E-6	9.214434805299845E-7
66	66	7.734633296468637E-7	1.1298298388787245E-6	1.620414433653697E-7	0.7573102751890813	0.24207477842055464	8.841324583637674E-7	1.3047483502657798E-7	2.5321671311898767E-7	5.039002819109604E-4	6.310782707671282E-7	1.0669936358932968E-4	3.825079746871611E-7
67	67	0.0393916308064157	1.8332523506214484E-6	2.6292707691493616E-7	0.3070016563325172	0.6507610495314907	1.4345858568974091E-6	2.1170736493099003E-7	4.108672992764261E-7	0.0028387462419284166	1.0239822701603661E-6	1.1191112213727211E-6	6.206542079138324E-7
68	68	3.045010857862921E-6	4.447973155358213E-6	6.379332226346241E-7	0.2589770731398877	0.7358892354336221	3.4806988674380594E-6	5.136601492344767E-7	9.968767894810363E-7	0.00511386366329521	2.484461916927097E-6	2.7152708511943846E-6	1.5058773848701281E-6
69	69	9.548880585625364E-7	1.3948444354116941E-6	2.0005012950319706E-7	0.37993608344294155	0.6139061153787417	1.0915159055627814E-6	1.6107920974958077E-7	3.1261160848591416E-7	0.006151583369846923	7.791049448316523E-7	8.514845537819008E-7	4.722296239958429E-7
70	70	1.443254184649064E-6	2.1082210111338906E-6	3.023633859027546E-7	0.018502308331463897	0.8994953336061056	1.6497587169389936E-6	2.434612533337294E-7	4.7249309285149306E-7	5.011384602245532E-5	1.1775688907470189E-6	0.08194413335003113	7.137458415526087E-7
71	71	1.5453535014093702E-6	2.2573617010455785E-6	3.2375330837265586E-7	0.19603188554229858	0.7398867242901725	1.7664666673543861E-6	2.606842954612849E-7	5.059184052235001E-7	7.080964317270386E-7	1.26087298261265E-6	0.06407199742227479	7.642379610545872E-7
72	72	0.005430732819066191	0.1947653291966682	7.541512526211635E-7	0.7895421298139829	8.030337785145542E-6	4.114809070508199E-6	6.072382362638365E-7	0.010238724962026578	1.6494404756749192E-6	2.9370786788655543E-6	3.2099361515880974E-6	1.7802166054363612E-6
73	73	3.692042029033405E-7	5.393118317193909E-7	7.734869856381265E-8	0.025657295455977384	8.236228137922829E-7	4.22030892789966E-7	0.9743393699344907	1.2087020954384916E-7	1.6917305873125694E-7	3.012382630144525E-7	3.2922359133572176E-7	1.82585969477082E-7
74	74	4.7192707712936464E-7	6.893633777816159E-7	9.886925702884547E-8	0.4176350804900714	0.010059037983650801	0.5723031317559076	7.96089551668103E-8	1.5449966239137433E-7	2.1624170718603182E-7	3.8505112310749125E-7	4.2082274784335565E-7	2.3338646262027985E-7
75	75	1.7263487980096865E-6	2.521749008054829E-6	3.6167202795416327E-7	0.4630554469736894	3.851148614838259E-6	0.5369306429872368	2.9121622963235257E-7	5.651727128789817E-7	7.910302870327512E-7	1.408549277554339E-6	1.539404878680792E-6	8.537472392282506E-7
76	76	2.198563523233558E-6	0.06863149035119567	4.606015475845162E-7	0.40424713869792905	0.03164472575759043	0.495467046388986	3.7087370789810997E-7	7.19766545610738E-7	1.0074037974528827E-6	1.7938350962900685E-6	1.960484125605062E-6	1.0872759551213553E-6
77	77	2.1308236031673366E-6	0.046073574842425774	4.4640995762769587E-7	0.07346032216844196	0.7070512772715563	0.17340552266194628	3.594467215671755E-7	6.975898253337175E-7	9.763646885107409E-7	1.7385652599853376E-6	1.9000796676232151E-6	1.053775905879421E-6
78	78	2.0758078595259824E-6	3.032218296040249E-6	4.3488409703966467E-7	0.04823408123103852	0.7649726488601001	0.18678117483056847	3.501661651395715E-7	6.795787506767962E-7	9.511559244799065E-7	1.6936772361691277E-6	1.8510215026316484E-6	1.026568461299249E-6
79	79	2.2469750766572383E-6	3.2822493213521037E-6	4.707438228439193E-7	0.19202831884370702	0.0981694431740199	0.709789145566542	3.790402094040301E-7	7.35615538012906E-7	1.0295864554676396E-6	1.83333467984979E-6	2.0036532589869425E-6	1.1112173684266324E-6
80	80	0.4114070382271434	0.0508318569598574	8.376311644785657E-7	0.3748443091553018	0.09659205051777331	0.0663112873642592	6.744557795133653E-7	1.3089380461580204E-6	1.8320234058826118E-6	3.2621952498157024E-6	3.5652563689464997E-6	1.9772756500144712E-6
81	81	0.4060008989223123	0.019664480969851683	5.390577211638786E-7	0.47848227702355894	0.05775360175174859	0.03809008057802288	4.340461660790864E-7	8.42367369110343E-7	1.1789990680548984E-6	2.0993864745373632E-6	2.2944215247837568E-6	1.2724761818922298E-6
82	82	0.8500179391004022	4.258686570923095E-6	6.107855316318731E-7	1.4263830545203156E-5	0.14995039263997598	3.3325753115953587E-6	4.918009851134205E-7	9.544540058911215E-7	1.335878412093966E-6	2.3787339158829036E-6	2.5997206157754326E-6	1.4417937277066892E-6
83	83	0.8230282665191524	2.2246145798261484E-6	3.19056680078856E-7	0.025942290700280535	0.15102035121065882	1.7408408679713529E-6	2.5690259746423004E-7	4.985791421646288E-7	6.97824210100318E-7	1.2425817356295919E-6	1.3580187903039456E-6	7.531513048312834E-7
84	84	0.8522186050297335	3.3683485124000577E-6	4.830922639187692E-7	1.128177704508726E-5	0.12705537666690989	3.9769254723042395E-4	3.8898310289235605E-7	7.54912031528251E-7	1.056594324843381E-6	0.02030779546966564	2.0562126193064405E-6	1.1403665606825567E-6
85	85	0.8663090267123591	1.7470078532047365E-6	2.505577958401911E-7	5.851340211179281E-6	0.12740811007361644	1.3670964377853602E-6	2.0174769119502005E-7	3.915382397942195E-7	5.480070059133207E-7	9.758095042977353E-7	1.0664631585962164E-6	0.006270463646126784
86	86	3.1319326369006224E-6	0.687675444171144	6.561434337658816E-7	0.2678721410615745	0.04432784643817559	1.1089448791786392E-4	5.283229061428601E-7	1.0253332738969563E-6	1.4350828613493433E-6	2.555382468560953E-6	2.792779991217837E-6	1.5488636162550031E-6
87	87	0.003522676835339167	0.6191601475114914	4.5797947723596626E-7	0.3279406669734369	0.04936665173327775	2.4988330928143488E-6	3.687624319859118E-7	7.156691244730511E-7	1.0016689412845302E-6	1.7836233159761794E-6	1.9493236609442075E-6	1.0810864100415228E-6
88	88	0.0044700543763806465	0.7800819017111017	7.802314290666203E-7	0.21325358284130447	0.0021776683986133557	4.257108040675299E-6	6.282378438241838E-7	1.2192414103280129E-6	1.7064816839104897E-6	3.038649192622271E-6	3.320942665097293E-6	1.8417803342235825E-6
89	89	0.008953654893818185	0.7754087336217996	4.30960536692015E-7	0.21562374711289928	4.588945081873317E-6	2.351412026762469E-6	3.4700693699123833E-7	6.734475348944504E-7	9.425745169390805E-7	1.6783967398465775E-6	1.834321433303268E-6	1.0173066756043489E-6
90	90	2.8934608759268272E-6	0.23774983582942652	6.061833298166511E-7	0.762227769270109	6.454748806997328E-6	3.3074647230923687E-6	4.88095318771964E-7	9.472622999141936E-7	1.325812715160005E-6	2.3608104174065113E-6	2.5801320068163673E-6	1.430929970516667E-6
91	91	1.9071920042573938E-6	2.785914150402877E-6	3.9955888443458485E-7	0.04333583601399585	4.254574657157582E-6	2.1800779567218463E-6	0.9566469384490615	6.24377229138144E-7	8.738944530176162E-7	1.5561014801014103E-6	1.7006648246980483E-6	9.431813027530533E-7
92	92	0.028280474576489217	0.15290036823668582	7.650024702039785E-7	0.3825056883611722	0.1740482380917801	4.174015613467102E-6	6.159755740371302E-7	1.195443628554819E-6	0.26225043900300077	2.979339272733754E-6	3.256122795827915E-6	1.8058315171175254E-6
93	93	0.014892171192196236	0.15987491578931035	2.2876193732093856E-7	0.3171703645730672	0.22415433494526307	1.2481736142498724E-6	1.8419779170325914E-7	3.5747858481196133E-7	0.28390379026606605	8.909244747735262E-7	9.736922270719628E-7	5.40005467199165E-7
94	94	1.411696259403056E-4	5.847571887918617E-6	8.386652186859107E-7	0.3962935240624751	0.24347941860531952	0.034296194012317635	6.752883939934009E-7	1.3105539278863779E-6	0.3257722060178298	3.2662224241452926E-6	3.569657671697535E-6	1.9797165933457176E-6
95	95	2.0956322377757838E-6	3.061176584333076E-6	4.390373267304445E-7	0.441186365495574	0.22676804790005595	0.02470366219870428	3.535103217175288E-7	6.860688630164906E-7	0.3073306740566204	1.7098521909024437E-6	1.8686991264291922E-6	1.036372394443986E-6
96	96	2.9038250877388004E-6	4.241737268281145E-6	6.083546439268151E-7	0.6252622502563678	0.1525375488779232	0.005475732166061967	4.898436483624115E-7	9.506553394397973E-7	0.21670887958758103	2.3692667056589236E-6	2.5893738924917457E-6	1.4360554800495321E-6
97	97	1.5534971534448007E-6	2.269257470003721E-6	3.254594126952602E-7	0.6147604564296453	0.16991351109612388	0.008571800002631509	2.620580408156015E-7	5.08584477061887E-7	0.2067458925611408	1.2675174887543892E-6	1.3852710992047336E-6	7.68265316621724E-7
98	98	2.6455940841947878E-6	0.031187544528942	5.542549562854316E-7	0.920112804133571	0.0485944264579101	3.0241325113107928E-6	4.462828920928989E-7	8.661155772603975E-7	1.2122376719035482E-6	9.280880540398662E-5	2.3591063665198245E-6	1.3083501133165665E-6
99	99	1.0320100432619773E-6	0.046148154120274516	7.074445079710149E-4	0.8937294527362241	0.059338756642407856	7.190250277264439E-5	1.7408884814468863E-7	3.3785983257912533E-7	4.7287732449165426E-7	8.420297233915785E-7	9.202551056175087E-7	5.103694724418008E-7
100	100	1.7227820482506344E-6	0.2733725025085426	3.6092478984095653E-7	0.3636359635502752	0.3457451534540665	0.01723885891789297	2.906145578160482E-7	5.640050290135843E-7	7.893959666167785E-7	1.4056391224326612E-6	1.5362243673111033E-6	8.519833414786652E-7
101	101	1.7662882909617417E-4	0.7400538166301638	5.322071284039458E-7	0.23538004652519595	0.024291009253653524	2.903834889532109E-6	4.285301083248296E-7	8.316621782310221E-7	1.1640158071489127E-6	2.072706508333161E-6	2.2652629637079956E-6	8.830054230681343E-5
102	102	2.073595538369215E-6	3.0289866671313E-6	4.3442061325227674E-7	0.09237635300653947	0.9060460740738344	2.3702909378102637E-6	3.497929706688177E-7	6.788544801519917E-7	9.501422167971577E-7	0.0015648123130696516	1.849048750667582E-6	1.0254743816543625E-6
103	103	1.392103792504156E-6	2.033503520206363E-6	0.002289886108529554	0.01951606371926724	0.978184639179794	1.5912895947195914E-6	2.3483273958156655E-7	4.5574745840804195E-7	6.378758822281551E-7	1.135834654893062E-6	1.2413548016957037E-6	6.884499650011816E-7
104	104	0.02669661842339192	2.0654241602992713E-6	2.9622541428782845E-7	0.3299422035299908	0.643352737057192	1.6162686429149341E-6	2.3851899401276325E-7	4.6290149106574024E-7	6.478888506141085E-7	1.153664262200658E-6	1.2608407969048544E-6	6.992568130525427E-7
105	105	0.014617807058170298	2.732872629371029E-6	3.9195161090494864E-7	9.153346093399575E-6	0.06866061061553179	2.1385710600445715E-6	0.9167015758550373	6.124895986717319E-7	8.572562192074874E-7	1.5264745838912192E-6	1.6682855609456817E-6	9.252239041377417E-7
106	106	1.5773423260751409E-6	2.304089098754981E-6	3.3045500336157E-7	0.17247172461421137	0.8275172816765529	1.8030325355834955E-6	2.660804615896341E-7	5.163909185643772E-7	7.227540311567588E-7	1.2869730592163647E-6	1.406534111130511E-6	7.800576904024713E-7
107	107	3.830803473816351E-6	5.595812892091562E-6	8.025576654418588E-7	0.1438807571987008	0.8560925429918573	4.378924718202307E-6	6.462148005046756E-7	1.254129868946024E-6	1.7553124692719283E-6	3.125599804464542E-6	3.415971073550762E-6	1.8944826755562467E-6
108	108	0.028698936730919437	0.07106993522706452	5.500169274824696E-7	0.3709958793983575	0.5292234108044694	3.0010089279461926E-6	4.42870455759204E-7	8.594929522004001E-7	1.2029684752796804E-6	2.1420676357815406E-6	2.3410678075188053E-6	1.2983460070804127E-6
109	109	1.8289079556023962E-6	0.030834740164690573	3.831582875991379E-7	0.5719688873067299	0.2489166337841862	0.14827175383544677	3.085168418972974E-7	5.987485681140774E-7	8.380239188885675E-7	1.492228559226931E-6	1.6308580472024895E-6	9.044667680704515E-7
110	110	1.6277520767137783E-6	0.08695447970528691	3.4101590320009574E-7	0.44352503564009194	0.4695115173258492	1.860655043399078E-6	2.745840371907037E-7	5.328940815154786E-7	7.458522831223543E-7	1.3281029965300805E-6	1.4514850597196183E-6	8.049872906591163E-7
111	111	3.467310010600599E-4	0.06273086422415644	0.0012597980834107235	0.13027577885727043	0.7039578257617468	3.818552997410964E-6	5.635185855516354E-7	1.0936386620897392E-6	1.530684842118698E-6	0.10141736480316418	2.978828690010325E-6	1.6520454140756087E-6
112	112	1.9284902721946974E-6	0.06310821877059926	0.002048851616812814	0.12047136963405258	0.705661459403051	2.2044236357844795E-6	3.253152935250909E-7	6.313498640330315E-7	8.836535324221775E-7	0.10870145397202151	1.7196567327110384E-6	9.537141321979373E-7
113	113	3.050421431627196E-6	4.45587660397694E-6	6.390667439647152E-7	2.2396725120528167E-4	0.7668809120363038	0.06731532073906138	5.145728540677043E-7	9.986481051364314E-7	1.3977336117781324E-6	0.09867076707453833	2.720095521422551E-6	0.0668952564840192
114	114	1.7259404221609578E-6	2.521152476581796E-6	3.6158647275144434E-7	8.444221265334204E-6	0.7874351665646332	0.07889295118610332	2.911473410768782E-7	5.650390186414287E-7	7.908431651340887E-7	0.11159606791634881	1.5390407252868816E-6	0.022059575362027902
115	115	1.5302819502426713E-6	2.2353460636215027E-6	3.205958013374847E-7	0.49640494019037085	0.42519481000964837	0.05033887347074466	2.5814188901912365E-7	5.009842751855854E-7	7.011904962294337E-7	0.028053708434434912	1.364569838190664E-6	7.567844874493162E-7
116	116	1.7773389438486606E-6	2.5962324205831946E-6	3.723545212443499E-7	0.030519502684053255	3.964897719158639E-6	2.031645185413025E-6	0.9694644445967825	5.818658858270744E-7	8.143944818845374E-7	1.4501527664707626E-6	1.58487337227818E-6	8.789638676917795E-7
117	117	1.35923233320108E-6	0.014439788183487146	2.847607128851751E-7	0.8483905659685709	0.13329655256332198	1.5537148022121015E-6	2.2928768260826454E-7	4.449859878106579E-7	6.228138507790784E-7	0.003866714252565282	1.2120429471742697E-6	6.721937381820359E-7
118	118	3.4252614628933024E-6	0.099648080484773	7.175961549520618E-7	0.9003254085676747	7.641092549482804E-6	3.915356710070773E-6	5.77804282586923E-7	1.1213633742700789E-6	1.5694890634375194E-6	2.794713075686347E-6	3.0543446450765686E-6	1.6939262337666177E-6
119	119	7.733237730399948E-4	0.11647619890239108	3.370308013646236E-7	0.8824640222382414	3.588764415028789E-6	2.774514267782723E-4	2.7137525619154314E-7	5.266666969201228E-7	7.371362752336607E-7	1.3125828238944289E-6	1.434523047914981E-6	7.955802328080486E-7
120	120	2.2883788336993796E-6	3.3427294997327057E-6	4.794179568263549E-7	1.1195970012957324E-5	0.9191317387557892	2.615805981170406E-6	3.860245720266516E-7	0.0043917312121457275	1.0485580710849695E-6	1.8671165159057365E-6	0.0764521743374703	1.1316931513675762E-6
121	121	8.879235510677714E-7	0.018347179170292542	1.860209893581083E-7	3.4768544180474096E-5	0.9133409226642306	1.014969943569345E-6	1.4978302706952455E-7	3.071503724004672E-5	4.0685545254472837E-7	7.244677772081231E-7	0.06824260545026885	4.3911304670517743E-7
122	122	0.01933569242486737	0.003004599489536268	6.793261089717067E-7	0.23789388228169941	0.7397512048843704	3.7065472281778403E-6	5.46989462427073E-7	1.0615600606683375E-6	1.485786805267768E-6	2.6456685230220967E-6	2.8914537081613055E-6	1.6035876297952673E-6
123	123	0.01244638858524585	0.005647420605279357	2.5196203562702716E-7	0.3482650434614187	0.6336357244493953	1.3747582676795075E-6	2.0287837696725224E-7	3.937325980760806E-7	5.510782862883253E-7	9.81278384344803E-7	1.07244010293145E-6	5.947706089511763E-7
124	124	2.4192689572057945E-6	3.5339261104622507E-6	5.068395859098365E-7	1.1836354321791837E-5	0.9999713019035953	2.7654242012405153E-6	4.0810430950936466E-7	7.920211728384637E-7	1.1085332349026181E-6	1.9739113821092027E-6	2.1572896739391687E-6	1.196423454835033E-6
125	125	6.9747268621642E-7	1.0188271666996725E-6	1.4612131752132456E-7	3.412408454727768E-6	0.9999678277439954	2.4695893986790466E-5	1.1765604157495122E-7	2.2833886795205623E-7	3.1958896128717493E-7	5.690765675028496E-7	6.219443354355843E-7	3.4492761890348843E-7
126	126	0.3405686158009463	0.17250727146139927	4.849313876681721E-7	8.837581947033402E-4	0.06504111307891423	2.64588842837006E-6	3.9046395472145106E-7	7.577859683506528E-7	1.0606167608487536E-6	1.8885888400802555E-6	0.42099086848078077	1.144707916115913E-6
127	127	3.758770027182824E-6	0.2423934742705985	7.874665768075621E-7	0.13705389183982333	0.20350095374330288	4.2965845401804315E-6	6.34063543029811E-7	0.005539319441388518	1.722306023510695E-6	3.0668268268760156E-6	0.4114962358280403	1.8588593089072992E-6
128	128	2.5041708006228945E-6	0.2531266963822848	5.246266182413741E-7	0.15969427700397684	0.19323713972817957	2.862474019457816E-6	4.2242632529045677E-7	8.198163699781089E-7	1.1474361087860808E-6	2.043183843355772E-6	0.3939303243407243	1.2384107487737238E-6
129	129	1.1159604606192284E-4	4.6225659196016595E-6	6.629735097164688E-7	0.09760384321577267	0.03958456127027827	3.617323980841223E-6	5.338224438806381E-7	1.0360064038484163E-6	1.4500212489548487E-6	2.5819825310547555E-6	0.862683929785453	1.564986396110326E-6
130	130	2.3772938005252075E-6	3.4726112650241486E-6	4.980457430561419E-7	0.12692168325545677	0.03380997060413035	8.417447282660712E-5	4.0102355799446757E-7	7.782793304008066E-7	1.0892997982555337E-6	1.939663334040449E-6	0.8391724397856646	1.1756650923456333E-6
131	131	0.0039476342744577736	0.46214601365470936	6.34688398249104E-7	0.04786910600459682	6.758275887680005E-6	0.13162869524329926	5.110474353657393E-7	9.918062115567388E-7	1.3881575212860376E-6	2.4718247907720317E-6	0.3543942968048981	1.4982177937300875E-6
132	132	2.7271764122757074E-6	0.22548826160059357	5.713465463953015E-7	1.3342801848295053E-5	6.0838004896020054E-6	0.6622522170508495	4.600449418106303E-7	8.928240302321463E-7	1.249619510656558E-6	2.225136872515509E-6	0.11223061990212853	1.3486957766316505E-6
133	133	0.008367367751261035	4.755961106277366E-7	6.821051947216873E-8	1.5929376855928835E-6	7.263178440106868E-7	0.9916287414948592	5.4922716623433816E-8	1.0659028444924681E-7	1.4918650773722792E-7	2.6564918074423474E-7	2.903282486256178E-7	1.6101478185940682E-7
134	134	0.019378101587919774	0.032693678877424526	6.075083982042142E-7	0.33207533818521967	0.018686150595848824	0.596958250219874	4.891622561904144E-7	9.49332939713421E-7	1.328710835959894E-6	2.3659709605941326E-6	2.0130579045328454E-4	1.4340578692487578E-6
135	135	7.552097573224762E-7	1.1031660916941746E-6	1.5821729929461152E-7	0.3633938857806847	1.684726177107387E-6	0.6365482751979289	1.2739565629064806E-7	2.472408518085731E-7	3.4604466478238345E-7	5.237011088228622E-5	6.734291391113383E-7	3.7348086672614774E-7
136	136	0.15062165948241069	5.128620641139358E-6	7.355524368062419E-7	1.7177543953413425E-5	0.02082008444477301	4.013329989554667E-6	0.606322851445185	1.1494230519458786E-6	1.6087621110920456E-6	2.8646446874184907E-6	3.130772971717288E-6	0.2221995959777882
137	137	0.35266196958389456	2.735503019999567E-6	3.923288644341049E-7	0.042680007214449894	0.03157418626278903	2.1406294352554567E-6	3.1590093743971336E-7	6.130791200724398E-7	8.580813285451949E-7	1.5279438160819243E-6	1.6698912862393065E-6	0.5730735835810584
138	138	0.17168466485625963	3.800110642558802E-6	5.450160654983621E-7	1.2727899401794383E-5	5.803428806981516E-6	0.009184309406576496	0.7214929730334225	8.516782733868936E-7	1.1920308495167034E-6	2.1225915359163996E-6	2.3197823589882934E-6	0.09760869016580669
139	139	0.6519993654825476	2.4626070883466057E-6	3.531898285085988E-7	1.8154422858085147E-4	3.7608286339695495E-6	1.927078560046449E-6	2.843864115911299E-7	5.519178651127678E-7	7.72478460672145E-7	1.375514939873583E-6	1.5033016188232167E-6	0.3478060989854647
140	140	0.07384603589082489	3.0198580612983574E-4	6.068451406775669E-7	1.4171809588675405E-5	6.461795887731544E-6	1.0256260698159278E-4	0.8227956829242994	9.482964894858679E-7	1.3272601935238497E-6	2.363387871945347E-6	2.5829489093947073E-6	0.10292527042768285
141	141	0.4477142288546158	3.5883609664419656E-6	5.146466930766051E-7	0.15766649311753395	5.480050283082014E-6	2.8080214325950935E-6	4.1439054714378354E-7	8.042210766080157E-7	1.125608534471561E-6	2.0043165401241732E-6	2.1905195007767326E-6	0.39460034789227594
142	142	0.03169186582469665	0.3909140619305681	8.351141790425731E-7	1.9502634752879436E-5	8.892445545330357E-6	0.028004622604412752	0.549348309652547	1.3050048376785493E-6	1.8265183859805949E-6	3.2523927277972413E-6	3.5545431830757176E-6	1.9713341638030224E-6
143	143	0.10069718502145732	0.8218135763536661	3.333375469741174E-7	0.04067855499027772	1.1258635613917E-4	0.03669274172088487	2.6840146907076354E-7	5.208953725104311E-7	7.290585809283182E-7	1.2981992653068372E-6	1.418803242711591E-6	7.868620973263026E-7
144	144	2.2760646023271366E-6	0.7079044976238259	4.768381114102776E-7	0.2604925632232328	5.077457725020736E-6	0.03158792452557881	3.8394729538639237E-7	7.451388777679854E-7	1.042915567097245E-6	1.8570691826420256E-6	2.029592720228135E-6	1.1256032806245425E-6
145	145	2.720072520925302E-4	0.662425482592606	0.006016849808806997	0.15535909548078383	0.024340435881527595	0.025145745146324575	4.4207509997763E-7	8.579493796277326E-7	1.200808051346626E-6	2.1382206736360964E-6	2.3368634588395175E-6	0.126433407921195
146	146	1.08217855899529E-6	1.5807829280101622E-6	2.2671763347683836E-7	0.5060046968989019	2.414130020125278E-6	1.2370194592029353E-6	1.8255173004604623E-7	3.5428401995701635E-7	0.49398584230319925	8.829628341705824E-7	9.649909422949365E-7	5.351797725693734E-7
147	147	3.4446671013065774E-6	5.0317675407274355E-6	7.21661658172944E-7	1.6853149051594254E-5	7.684382756873974E-6	0.21363851398258993	0.6413764310196255	1.1277163994060328E-6	0.14494260593494365	2.81054637542219E-6	3.071648873794283E-6	1.7035230836267943E-6
148	148	2.1333157195882236E-6	3.1162224029939E-6	4.4693205883973316E-7	0.13765249780968133	0.03136346530623506	0.3712632060730378	3.5986711444996504E-7	6.98405695336365E-7	0.4596362809417072	1.7405986085115845E-6	1.9023019162099299E-6	7.415222582267935E-5
149	149	3.5820747718415684E-6	0.3830716917856535	7.504487207388304E-7	0.028492827746164053	0.010440752540433947	4.0946072718367546E-6	0.5772391682085479	1.1727009737957363E-6	1.641342490120999E-6	7.393528915443263E-4	3.194176858077411E-6	1.7714765699114213E-6
150	150	1.249266840255497E-6	0.7529957160402264	2.617228175974668E-7	0.156203867121167	0.027612420196154747	1.428015162828356E-6	2.1073770227856753E-7	4.0898544374749863E-7	5.724265619827882E-7	0.06318213369097232	1.113985465092935E-6	6.178114858116558E-7
151	151	3.3812125803791987E-6	0.12837328594488462	7.08367864188134E-7	1.65426956847708E-5	1.2339873678007175E-4	3.865005199801821E-6	0.87146871580781	1.1069426346961959E-6	1.549305424871098E-6	2.7587730491321254E-6	3.0150657550163292E-6	1.6721423324594992E-6
152	152	2.2540904741674225E-6	0.6467735082909244	4.7223450667917624E-7	0.35320904542797094	5.028437716247233E-6	2.5766115546937287E-6	3.8024049942516616E-7	7.379449795016013E-7	1.0328468017784908E-6	1.8391402204416083E-6	2.009998139959756E-6	1.114736211772389E-6
153	153	0.0025975416133629087	0.6762339062113147	3.967586762718866E-7	0.30999450262116257	4.224757538460194E-6	2.164799427504883E-6	3.194677963662296E-7	6.200014380301332E-7	8.677699830683631E-7	1.5451959334190158E-6	1.6887461420966783E-6	0.011162222057224485
154	154	3.527521528352699E-6	5.1527964251900616E-6	7.390197544564407E-7	0.3297482365088929	0.0059304564295408705	0.011486599297243666	5.950544412682834E-7	1.154841312611103E-6	0.6205437134900114	0.032274935011889834	3.1455311097376504E-6	1.744497849809629E-6
155	155	3.4524093810307234E-6	5.0430770085690194E-6	7.232836745418542E-7	0.3857783172060891	7.701654278057706E-6	5.954235834070356E-4	5.823838405368936E-7	1.1302510698275652E-6	0.6012972977399559	0.01230554250659786	3.078552752774708E-6	1.707351944832272E-6
156	156	2.6810779741066613E-6	3.9163613572853355E-6	5.616888714009201E-7	0.247224722346378	0.04933806269159333	0.027011690443920967	4.522686376413876E-7	8.777323063641068E-7	0.6530771484271719	0.023336170315744278	2.390747755159181E-6	1.3258982896087896E-6
157	157	2.9700198357144325E-6	0.12497366469183513	6.22222518581035E-7	0.1416735717646967	6.625536965380743E-6	3.3949779363660894E-6	0.5603271381386196	9.723262007019364E-7	1.3608927963148323E-6	0.17300556223671157	2.648400502927722E-6	1.4687913810451828E-6
158	158	2.0452586209296085E-6	0.2859292892186429	4.2848399696235444E-7	0.31389821850061095	0.03742726969887574	2.337899501115044E-6	3.4501284149348566E-7	6.695775295598321E-7	9.371579577866275E-7	0.36273562395035996	1.8237803987542278E-6	1.0114606637659527E-6
159	159	0.03313053947805774	1.3726058387225732E-4	0.005040255436212668	9.594977761364624E-6	0.7897816185969032	2.241753076180759E-6	3.3082414294156043E-7	0.1446105823417571	8.986172133290812E-7	1.6001241006593276E-6	1.7487771896249168E-6	0.02728332848971297
160	160	0.03387208331488342	2.191113434020517E-6	3.142519087460988E-7	3.1572044377013367E-4	0.8142336661780301	1.7146250172477333E-6	2.5303382331632025E-7	0.12648835986520937	6.87315463631931E-7	1.2238693203293225E-6	1.3375679733789235E-6	0.025082448421166473
161	161	3.088186910407745E-6	0.10476185634106325	6.46978654531669E-7	0.26254336530676176	0.265815425903071	0.03894363416375395	5.209434787951125E-7	0.32792324644731735	1.4150381319041625E-6	2.5196897907436596E-6	2.7537714288333346E-6	1.5272296374991536E-6
162	162	2.1409842190518862E-6	0.07593070213043561	4.4853861816052967E-7	0.28824181881876915	0.279286203082961	0.04306475297647086	3.6116070674331864E-7	0.3134678764912696	9.81020384340489E-7	1.7468554318093567E-6	1.9091400044920507E-6	1.0588007292351032E-6
163	163	3.4076640473734832E-6	0.44556975331480925	7.139094764748371E-7	1.6672110372105585E-5	0.15063091434214057	0.4037677825637087	5.748357903535668E-7	1.1156023258188846E-6	1.5614257516283844E-6	2.780355127312391E-6	3.038652829300629E-6	1.6852236210993985E-6
164	164	2.5628859542274382E-6	0.6281535321225615	5.36927509405592E-7	0.12102336081820794	0.21348707276283158	0.037324844880921665	4.3233093186516114E-7	8.390385588474986E-7	1.1743399794653557E-6	2.0910902613904825E-6	2.2853545853472764E-6	1.2674476967812961E-6
165	165	0.06492861530048176	0.07431708792999026	7.971168882841786E-7	0.10926960156243522	0.12060176029764921	0.07614107476644381	6.418339181370455E-7	1.2456277494877677E-6	1.7434126838750152E-6	0.5547321576991565	3.3928131894652136E-6	1.881639413930788E-6
166	166	3.5429378734108733E-6	5.1753157172955175E-6	7.422494962022914E-7	0.023204230042470055	0.036912701587501526	0.0387298082790494	5.976550106826039E-7	1.159888321401709E-6	1.623409571793662E-6	0.9011355072351105	3.159278040150173E-6	1.7521218375272795E-6
167	167	2.1601589935802717E-6	0.394069618764341	4.5255575513611674E-7	0.5506969862274631	4.818894840688152E-6	0.05521914498106605	3.6439528225241893E-7	7.071936563800025E-7	9.898064578248649E-7	1.7625003668539798E-6	1.926238369255088E-6	1.0682834078428715E-6
168	168	2.4319696839113973E-6	0.2224959265118277	5.095004025358873E-7	0.6720721968369057	0.004755262450120933	0.0889997295554771	4.102467837005946E-7	0.011667062982382584	1.1143528349180034E-6	1.984274061682541E-6	2.168615056547792E-6	1.2027044626902256E-6
169	169	1.8317777471250249E-6	0.21729558480127267	3.8375951217263735E-7	0.7420811930196641	1.2961661685419887E-4	0.04048560812391447	3.0900094445410067E-7	5.996880815322875E-7	8.393388860692937E-7	1.494570057527037E-6	1.6334170729774802E-6	9.058859926167479E-7
170	170	1.9840791641368725E-6	2.89822640119586E-6	4.1566683148984207E-7	9.707173697765478E-6	0.1184999908862149	2.267966329803332E-6	3.3469253382525744E-7	6.495485761942799E-7	9.091249187373575E-7	0.8814780922043303	1.7692259805680774E-6	9.812050211087443E-7
171	171	5.779775568971019E-7	9.712486974187822E-4	1.2108695262276582E-7	0.06052437701512212	0.2290959495699513	0.06303733974439656	9.749851543659378E-8	1.8921850798129858E-7	2.6483509778435715E-7	4.715790176056107E-7	0.6463690769448757	2.8583258731125854E-7
172	172	1.8442794442126189E-6	2.694015174906147E-6	3.86378631868351E-7	9.023198890341877E-6	4.114228964125157E-6	2.1081637052734412E-6	3.1110984451766387E-7	6.037808917840355E-7	8.450672887229159E-7	0.004109082534771452	0.9958680751738203	9.120685725139891E-7
173	173	1.5489623369138582E-6	2.262633276154947E-6	3.245093634971857E-7	7.578350061581658E-6	3.4554338990590054E-6	1.7705918643535382E-6	2.6129306668422203E-7	5.07099867135923E-7	7.097500362525321E-7	1.2638174760131258E-6	0.9999795515360806	7.660226718571421E-7
174	174	1.548140667749633E-6	2.2614330300620234E-6	3.2433722287689196E-7	0.14127020752556924	3.453600914862932E-6	1.769652628645415E-6	2.6115446005021694E-7	5.06830868778714E-7	7.093735392227474E-7	1.2631470660073424E-6	0.8587169291877084	7.65616324205193E-7
175	175	1.9058220213298257E-6	2.7839129597439383E-6	3.992718714600067E-7	0.07660884721633435	4.251518491532223E-6	2.178511953102489E-6	3.214914066275885E-7	6.239287236167429E-7	8.732667131369654E-7	1.5549836941330634E-6	0.9233753175720385	9.425037924239996E-7
176	176	2.3055528679451937E-6	3.3678163210480805E-6	4.830159364472744E-7	0.002381245646938565	5.143240313927388E-6	2.6354373205445787E-6	3.889216444528084E-7	7.547927571558979E-7	1.0564273853594887E-6	0.024807521624021046	0.9727939573381081	1.1401863853772267E-6
177	177	1.8373130691580088E-6	2.683839103069474E-6	3.849191684062772E-7	8.989115667292508E-6	4.0986883354451725E-6	2.1002005633029895E-6	3.099346929608363E-7	6.015002373223845E-7	8.418752259918043E-7	0.014418149199729812	0.9855590947907806	9.086234266215954E-7
178	178	1.1672261888056803E-6	1.7050155143559969E-6	2.445352082228465E-7	0.057437873954607456	2.603854751371463E-6	0.04015585506772628	1.9689833840300412E-7	3.821269447004297E-7	5.348347148777757E-7	0.06079265719920501	0.841606202047637	5.772391636016135E-7
179	179	1.1752638970997659E-6	1.7167565269144166E-6	2.4621911721167736E-7	9.722288551322151E-4	2.6217853162717478E-6	0.03314351354904142	1.9825421220265972E-7	3.847583326372913E-7	5.385176732152138E-7	0.06362748236074099	0.9022493124658841	5.81214125830399E-7
180	180	2.604280326181682E-6	3.804179860302201E-6	5.455996772014862E-7	1.2741528634980895E-5	5.809643209059562E-6	0.07388925304638883	4.393137113257266E-7	8.525902637649948E-7	1.1933072947415365E-6	2.124864440037455E-6	0.9260793437273551	1.2879188384279127E-6
181	181	1.2295302819724615E-6	0.010028585542002344	2.5758798628916426E-7	2.1666235662285487E-4	2.7428430730678856E-6	0.06340610386670324	2.0740835997200051E-7	4.025240819412533E-7	5.63383073562796E-7	1.003188922424109E-6	0.9263416337179093	6.080509830873885E-7
182	182	2.0442557911537313E-6	2.9861288862920367E-6	4.2827390298878865E-7	0.03426230699415369	4.560337324388491E-6	0.009318403458237447	3.448436750384618E-7	6.692492227740645E-7	9.366984511525269E-7	0.08930982619624608	0.8670964825993839	1.0109647250810485E-6
183	183	2.4092830461488157E-6	3.519339277644055E-6	5.047475262361997E-7	0.03864665164352134	5.374642179278334E-6	2.7540094802661677E-6	4.064197951338166E-7	7.887519815550175E-7	1.1039575905723457E-6	0.06199936527945549	0.8993359304411165	1.1914850298736907E-6
184	184	8.09505811879605E-7	0.14096262767575868	1.695923842045826E-7	0.0970848456562934	1.8058501212025454E-6	0.7024227352834501	1.3655480901243242E-7	2.650163143848824E-7	3.709236600761437E-7	6.604857765786555E-7	0.05952517312322367	4.003323968066148E-7
185	185	1.656955372283078E-6	2.4203831643195704E-6	3.47134026689202E-7	0.03492468189475329	3.696345370167184E-6	0.9640967935800386	2.795103149153069E-7	5.424546673026244E-7	7.592335252578476E-7	2.2845160632657983E-4	7.395514729741038E-4	8.19429466537711E-7
186	186	0.0015709062482080107	2.605526104475143E-7	3.736874316528123E-8	8.726818049744631E-7	3.9790907882281213E-7	0.9978952372229906	3.008909633473819E-8	5.8394878008858696E-8	8.17309754345499E-8	5.318705359151148E-4	1.5905467133912268E-7	8.821102779569039E-8
187	187	1.609712485373706E-7	2.3513735277161758E-7	3.372365883878456E-8	0.11635270751552304	3.590955672157288E-7	1.840034300788491E-7	2.7154095471500645E-8	5.269882733794569E-8	7.375863619295209E-8	1.313384271450462E-7	1.4353989507303276E-7	0.8836458910633382
188	188	1.2385573594211944E-6	1.8092119021024628E-6	2.594791692361716E-7	0.14395805188423502	2.7629807282467268E-6	1.4157733418461582E-6	2.0893112956656337E-7	4.0547936992068775E-7	5.675193707430475E-7	1.0105542262569725E-6	1.1044356990992547E-6	0.8560311651934687
189	189	0.0493339658841822	3.127371368921571E-7	4.4853105584687906E-8	0.16794120801830703	4.776039120878787E-7	2.447280503199637E-7	3.611546176120107E-8	7.00904394175548E-8	9.810038444405926E-8	1.7468259800115787E-7	1.9091078165935457E-7	0.7827231762756406
190	190	0.06001738553041619	3.3013123476385528E-6	4.734778631286348E-7	0.26221907655305304	5.0416771987009045E-6	1.5746113880996498E-4	3.812416428626296E-7	7.398879308036167E-7	1.0355662064685982E-6	1.8439825325179225E-6	2.015290307548891E-6	0.677591244341691
191	191	0.022729866296548256	2.5976561916017256E-6	3.7255872005635285E-7	8.700458959503431E-6	6.742324013195561E-4	2.032759337409586E-6	2.9998213128391673E-7	5.821849804421576E-7	8.14841094927255E-7	1.4509480286610712E-6	1.585742515101296E-6	0.9765774641701732
192	192	0.01801324111881659	7.908373633532488E-7	1.1342276811541989E-7	9.487329164578014E-4	0.004880033726908908	6.188586618683561E-7	9.132735830270882E-8	1.7724194464427785E-7	2.4807239123773373E-7	4.4173047882883403E-7	4.827676709698049E-7	0.9761550279791794
193	193	1.6992103401723985E-6	0.8124429968919252	3.5598649030796077E-7	0.1871945148935212	3.531272203388637E-4	1.9423377395534266E-6	2.8663826753192234E-7	5.562881144380784E-7	7.78595174199582E-7	1.3864066750717343E-6	1.515205206839992E-6	8.403262066523256E-7
194	194	3.12723427379844E-6	0.9051296988185982	6.551591213759461E-7	0.09473894347143161	6.976251818693024E-6	3.5746870218594556E-6	5.275303434871333E-7	1.0237951220335482E-6	1.4329300243805983E-6	2.551549016154987E-6	1.0994203313710832E-4	1.546540091291795E-6
195	195	1.4504269130574926E-6	0.6821113303175262	3.038660806261104E-7	0.3129076133006962	3.235620520943041E-6	1.6579577378335136E-6	2.446712144526456E-7	0.004970305162753365	6.646001194420606E-7	1.1834212083258496E-6	1.293362192336115E-6	7.172930372777658E-7
196	196	0.002074590192295436	0.6842574813089918	8.439905099277096E-7	0.30342600593997765	8.986962308449987E-6	0.008148814028781566	6.795762877680542E-7	1.3188755813883725E-6	1.845932236168526E-6	0.0020738485817792976	3.5923240066208997E-6	1.9922872439472856E-6
197	197	1.4333307278290982E-6	0.5324308060137845	3.002844104624899E-7	0.030407655816267195	0.29364689001727956	1.6384153863150208E-6	2.41787274307381E-7	4.6924434785943603E-7	6.567664763660071E-7	1.169472219928978E-6	1.2781173293178402E-6	0.14350746073449644
198	198	1.2251430493000611E-6	0.5942151139425462	2.5666885607656576E-7	4.797309428921626E-5	0.2784077324856523	1.4004396776243956E-6	2.0666828162928714E-7	4.0108778807390137E-7	5.61372799669056E-7	0.057176453352264435	1.0924740060344364E-6	0.07014758327078946
199	199	1.1501148152375913E-6	0.057892367288536965	2.4095035608486197E-7	0.2426026799525711	2.5656826029095178E-6	0.0446508372595993	1.9401183615034543E-7	7.919298147472458E-5	0.6163846247229632	0.03838455268785116	1.0255704754803968E-6	5.687769177565086E-7
200	200	0.027161603548583258	3.6182070960407425E-6	5.189272579480864E-7	0.32821318893282153	5.525630505497279E-6	0.09387156262689735	4.178372332743667E-7	8.109101713515445E-7	0.49327877152032257	2.020987407902794E-6	0.04133500450642348	0.016126956365279794
201	201	0.024304367710810282	1.7210535449723798E-6	2.4683540028751686E-7	0.2722257093168989	2.6283476089856548E-6	0.07618094578359255	1.9875043977864177E-7	3.857213774706002E-7	0.5482756506142723	9.613124540388327E-7	0.07900660188470367	5.82668896821557E-7
202	202	0.01438201702518544	2.2875221785348385E-6	3.2807895736578095E-7	0.23487047564225544	3.493443574732121E-6	1.7900683250469006E-6	2.6416728306642677E-7	5.126779514074715E-7	0.7427402812828233	0.007996379221752297	1.3964208136809468E-6	7.744488996959882E-7
203	203	2.722310014662624E-7	3.976590702300636E-7	5.7032703058506405E-8	0.08814053947496316	6.072944502417674E-7	3.1118251550346514E-7	4.592240335640419E-8	8.912308671679351E-8	1.2473896785941549E-7	0.9118571779604396	2.4275148351739446E-7	1.3462891520075032E-7
204	204	2.5035263597425716E-6	3.657004379183704E-6	5.244916071472362E-7	0.22167381074772827	5.584880693663609E-6	2.8617373703136994E-6	4.2231761513663104E-7	8.196053926825345E-7	1.1471408195287041E-6	0.7783051980330278	2.2324229591012547E-6	1.2380920474643154E-6
205	205	3.355940222611431E-6	0.029097362395958126	7.030732766195098E-7	0.20423859050489526	7.486450336508124E-6	3.836116807882755E-6	5.66110544767776E-7	1.0986689607915224E-6	1.5377253777554286E-6	0.7666408108393542	2.9925301058541666E-6	1.6596441596117553E-6
206	206	2.773569255491755E-6	4.051467192997958E-6	5.81065899580389E-7	0.10483745171420122	6.187293905356616E-6	3.170418700288842E-6	4.678709089030732E-7	0.8951379378712528	1.2708771754620508E-6	2.262989365517499E-6	2.4732232838378606E-6	1.3716388585055532E-6
207	207	1.5436100954887255E-7	2.2548150359938283E-7	3.233880628581956E-8	0.046328146804795	3.443494088764328E-7	1.7644738104166833E-7	2.6039020188094114E-8	0.9536704835202178	7.072975856958009E-8	1.2594505162183506E-7	1.3764546970553365E-7	7.633757783987296E-8
208	208	1.0186459534889861E-4	2.1400765042120623E-6	3.0693213590375056E-7	0.2443294324086055	3.268268427396559E-6	1.6746867852537277E-6	2.471399844674279E-7	0.7555571682810138	6.713060364023774E-7	1.1953621095083128E-6	1.3064124148800118E-6	7.245306338467164E-7
209	209	7.933968615574732E-7	1.1589475724332425E-6	1.662175408716853E-7	0.19723416876806715	1.7699141841595215E-6	9.069181314480315E-7	1.338374046376302E-7	0.8027587912686712	3.635423779089459E-7	6.47342285318629E-7	7.074810147403076E-7	3.9236588860141263E-7
210	210	1.3680248352217239E-6	1.9983303925556974E-6	2.866027520143845E-7	0.1443342906201853	3.051797501931541E-6	1.5637653581062375E-6	2.3077088188435453E-7	0.8556535706317965	6.268426631518414E-7	1.1161883366498806E-6	1.2198833213338802E-6	6.765419755340055E-7
211	211	4.3939920437739797E-7	6.418485702635899E-7	9.20546308555009E-8	0.11456203296037644	9.802142181521966E-7	1.555810913263091E-5	7.412185750050456E-8	0.8854190123262424	2.013371105313941E-7	3.585112305214827E-7	3.9181727336148066E-7	2.1730015283631487E-7
212	212	0.02074049368324446	0.7575932462282473	4.95302225386587E-7	0.19345943102094065	0.028196168835488998	2.7024739169762014E-6	3.988144934002911E-7	7.739921276195887E-7	1.0832993188103758E-6	1.928978571236788E-6	2.108182561130211E-6	1.1691888640085796E-6
213	213	0.013682792524478711	0.7394192295303501	2.6897645323382987E-7	0.18464066005465307	0.04078343807724463	1.4675925362092652E-6	2.1657828783089073E-7	0.0036957474113834504	0.011834433380140176	0.005939966080850291	1.1448595201033634E-6	6.349341022161995E-7
214	214	1.945718794785869E-6	0.09127309089818252	4.076302906747743E-7	0.3200220788737932	4.34052043830503E-6	0.13980771099617278	3.2822155754133213E-7	0.4269507266289418	0.0016009543447112315	0.020335718913201867	1.7350196024624403E-6	9.622343128330165E-7
215	215	7.63248229613424E-7	0.13167843898772416	1.5990136834165017E-7	0.22206374588762431	1.7026584463361724E-6	0.14906954122500515	1.287516589682488E-7	0.4863040912346299	3.497279731908258E-7	0.010880020323996913	6.805971363759074E-7	3.774562067813682E-7
216	216	1.3413652973714845E-6	0.8813108492034846	2.810175486477571E-7	0.10222460548817416	0.01645715569182848	1.5332913047996177E-6	2.2627370836679044E-7	4.3913667096196514E-7	6.146269962471299E-7	1.094436490891839E-6	1.1961107078983168E-6	6.633577876891252E-7
217	217	1.003549524406975E-6	0.1333168666030996	2.1024476169772861E-7	0.35442374786101466	2.2387239272256444E-6	0.04566605611569724	1.692878687575047E-7	3.2854241730952885E-7	4.5983643007626795E-7	0.32845805565787484	0.03473098378126202	0.10339987979612225
218	218	2.475705651360493E-6	3.6163655211228223E-6	5.186631372393775E-7	0.10180699977675173	5.5228181008243256E-6	2.8299360031997618E-6	4.1762456480400377E-7	8.104974388040124E-7	1.1343930926717086E-6	0.8981722422712064	2.2076149166818418E-6	1.2243336152158862E-6
219	219	1.0456541168601965E-6	1.5274301664882052E-6	2.1906572149235212E-7	0.06858167606652871	2.332651089043405E-6	1.1952690056552422E-6	1.763904546767409E-7	3.423266344786698E-7	4.791291754890532E-7	0.9314095564784234	9.324216813908365E-7	5.171170023614417E-7
220	220	1.541110134626499E-6	2.251163239884164E-6	3.228643182268153E-7	0.07757886035038283	3.437917162002591E-6	1.7616161487044692E-6	2.5996848572638107E-7	5.045292102246791E-7	7.061520786228979E-7	0.922408217963936	1.3742254534909657E-6	7.621394496297317E-7
221	221	4.775488040928839E-7	6.975752666016238E-7	1.0004701519327015E-7	0.06540532923363655	1.065318559911123E-6	5.458777190433681E-7	8.05572792437443E-8	1.5634010545983197E-7	2.1881763871197797E-7	0.9345906666816421	4.258357057833909E-7	2.361666272546417E-7
222	222	2.7696210809696384E-6	0.6851818178248744	5.802387525474273E-7	0.28063275713603403	6.178486295411559E-6	0.034167154543419564	4.672048948857513E-7	9.067195816877125E-7	1.2690680824044452E-6	2.25976800122704E-6	2.469702651664202E-6	1.369686331239838E-6
223	223	3.2738714304356193E-6	0.7034724356573364	6.858797717309291E-7	0.2830408763156488	1.1948127758675701E-4	3.7423054011875286E-6	5.522664338583959E-7	1.0718012490230893E-6	1.5001206362882876E-6	2.6711920809180575E-6	0.001124698416166813	0.012229010896257752
224	224	1.6234059504351445E-6	2.3713761378349E-6	3.4010538482353676E-7	0.06392148277045855	3.62150313108592E-6	0.9360654366514861	2.7385089304866876E-7	5.314712450746377E-7	7.438608445894044E-7	1.3245569384930332E-6	1.447609569433759E-6	8.028379606303304E-7
225	225	1.8678476806859487E-7	2.728442271572094E-7	3.913162040961881E-8	0.030945426529077315	4.1668051186966355E-7	0.9690530684544247	3.1508554917987333E-8	6.114966698242334E-8	8.558664904160196E-8	1.5239999612158205E-7	1.665581043411146E-7	9.237239904954433E-8
226	226	3.635169572519353E-6	0.5947680620075537	7.615721416008806E-7	0.2263390250465124	8.109356741841657E-6	0.16691139878243674	6.132134932429783E-7	1.1900831694293348E-6	1.6656710588717149E-6	2.9659796913942762E-6	0.01196077538359533	1.7977340327997399E-6
227	227	3.111895558960767E-6	0.6903133614635909	6.519456432491923E-7	0.16496853645658702	6.942034127303771E-6	0.14469757368525846	5.249428694450493E-7	1.0187735278534618E-6	1.4259016718166516E-6	2.539033969527026E-6	2.774912700684961E-6	1.5389544947651428E-6
228	228	3.090476052295257E-6	4.514386043120493E-6	6.474582323491332E-7	1.5120257493085118E-5	0.015785090840713598	3.5326693391885435E-6	5.213296320860021E-7	1.01176120177855E-6	1.416087039614137E-6	2.521557529844583E-6	0.984181004815015	1.5283617080105812E-6
229	229	3.9124584097974015E-6	4.0789159907136745E-4	8.196644669890211E-7	0.15767233353453908	8.727934240678874E-6	4.472263053090689E-6	6.599890983839269E-7	1.2808620923191773E-6	1.7927275776910374E-6	3.1922230738857943E-6	0.8331791575089095	0.008715759235467243
230	230	0.007437967920602197	1.049863871613792E-6	1.5057263601949784E-7	0.12724943232133373	0.06814355212675394	8.215562147645132E-7	1.2124021754029586E-7	2.3529479364454525E-7	3.29324654061653E-7	5.864124435733121E-7	0.7971653979312715	3.5543520750589677E-7
231	231	2.0361263530430742E-6	2.974253880201015E-6	4.2657077649951894E-7	0.09914895741484678	4.542202128097125E-6	0.019467337856054916	3.434723274183606E-7	6.665878042956672E-7	9.329734612956092E-7	1.6613006055871686E-6	0.881369114297363	1.0069443988576039E-6
232	232	1.827076003320192E-6	2.6688853980872196E-6	3.827744915216685E-7	0.1755506531297872	4.075851431357905E-6	2.0884987516737904E-6	3.0820781151067736E-7	5.981488228931858E-7	8.371845000287791E-7	1.49073384676408E-6	0.7908784031961386	0.03355666631301708
233	233	3.237912428816076E-6	4.729752449185837E-6	6.783463201747077E-7	0.14768468254486522	0.0021151930841859555	3.7012012928431695E-6	5.462005421422721E-7	1.0600289776714555E-6	1.4836438620666979E-6	3.354792102010417E-4	0.8101290154701984	0.03972019260467643
234	234	1.950660662415097E-6	2.8494106151480316E-6	4.0866561753884975E-7	0.19691610151636524	4.351544784426137E-6	2.2297662226365223E-6	3.2905519675722236E-7	6.386080146459868E-7	0.0075536572325766065	0.014371893651060551	0.7811446252106237	9.646782603423199E-7
235	235	2.843007028385393E-6	0.04822433477151393	5.956131916270579E-7	0.118177708724781	6.342196079937496E-6	0.00419207367174623	4.79584304503931E-7	9.307447005026204E-7	1.3026942575524693E-6	0.053385470486493225	0.7760065125273404	1.4059785626108002E-6
236	236	1.9823272073001594E-6	2.8956672454677534E-6	4.152997945487832E-7	0.03662054915761223	0.07682607706272472	0.08185027137980867	3.34396997798555E-7	6.489750199121464E-7	9.083221545908467E-7	0.03471060559412549	0.7275999701677843	0.04238534164952486
237	237	2.500737611185737E-6	3.652930738958148E-6	5.239073611668368E-7	0.1798687923206493	5.578659537687384E-6	2.858549600418469E-6	4.218471836450053E-7	8.186924111406696E-7	1.145862987045536E-6	0.12630435842719934	0.6938081113518183	1.2367129018455134E-6
238	238	2.232195072255807E-6	3.260659558332414E-6	4.676473951861944E-7	0.059287012538802	4.979593330431075E-6	2.5515833021871516E-6	3.7654698372408827E-7	7.307768546636599E-7	1.0228141096140735E-6	0.13576319201517742	0.804933069721338	1.1039080761398991E-6
239	239	0.008486884187584118	0.11620624495783177	2.6882271463644075E-7	0.5464262240813779	0.01235754583915012	0.16975745422250096	2.1645449839952696E-7	4.20080214038075E-7	5.879550882678077E-7	1.046943117589794E-6	0.12156946985944518	0.025193636596477085
240	240	0.01820467117591381	0.17998162178292654	4.4696473071785474E-7	0.48475352047847264	0.02763752744175056	0.11499276728359785	3.5989342165767306E-7	6.984567505813538E-7	0.023832412484016616	1.7407258507276465E-6	0.15059317822708926	1.0550854790769957E-6
241	241	0.02459793085029766	0.04869259632164215	5.115037234552299E-7	0.266881370193088	0.012303191242516106	0.1373694352965561	4.118598461433127E-7	0.02166825418528639	1.1187343944508492E-6	1.9920760922946705E-6	0.48848198030314244	1.2074334148125436E-6
242	242	0.02065361945405412	0.0663527693592693	5.070917990457446E-7	0.18686787158043766	0.0037375439986133347	0.19440602146693442	4.0830739007082904E-7	0.008460319708810492	1.1090848623824079E-6	1.974893638415787E-6	0.5195166580353726	1.197018818180373E-6
243	243	2.3848701135158377E-6	0.08204697925159614	4.996329892064541E-7	0.03408750237362602	5.3201816717597915E-6	0.22578577218816517	4.0230159943440696E-7	7.807596665712673E-7	1.0927713406498273E-6	1.9458449412578207E-6	0.6580661404124137	1.179411876487249E-6
244	244	1.9387390602387146E-6	0.024183397629690483	4.0616802838388527E-7	0.014624112926380252	4.324950007193888E-6	0.25702037118232574	3.270441523836951E-7	6.347051160824648E-7	8.883496296173349E-7	1.5818411121865866E-6	0.6792497606694522	0.024912255795045177
245	245	1.1739874338385905E-6	1.7148919442956559E-6	2.459516967131023E-7	8.61962008856309E-5	2.6189377748445258E-6	1.341964584722821E-6	1.9803888676054035E-7	3.8434044361912733E-7	5.379327849811336E-7	0.03664703886308652	1.0468579612906995E-6	0.9632575020325169
246	246	6.214599534413079E-7	2.2201871180421662E-5	1.3019656393455928E-7	3.040513616241907E-6	6.526859321999655E-5	7.103800469267975E-7	1.0483352189159376E-7	2.0345379116723482E-7	2.847591668131017E-7	0.050020298516779034	5.541629161703853E-7	0.949886581259244
247	247	0.009650751142140567	1.6928960324919564E-6	2.42797018748192E-7	0.2943380877178096	2.585346198123628E-6	1.3247519931380054E-6	1.954987582694261E-7	3.794107344741507E-7	5.310330370791611E-7	9.455847810089856E-7	0.014654117901748163	0.6813491459197484
248	248	0.010640225986206587	1.4490842030848185E-6	2.0782925688956345E-7	0.2459649077434594	2.213003198838877E-6	1.1339604733053994E-6	1.6734291822629633E-7	3.2476778919376E-7	4.545533633361052E-7	8.09401134233002E-7	0.01917190043264438	0.7242162058953526
249	249	0.054982215747312324	2.4188725201141547E-6	3.4691736842878647E-7	0.11229554013894175	0.009479187837073619	1.8928546884542374E-6	2.7933586293439527E-7	5.421161027265932E-7	7.587596615562669E-7	1.3510865394692593E-6	1.476603796205269E-6	0.8232339897301325
250	250	0.04712074449465281	3.0389188956414715E-6	4.358451044351438E-7	0.07172179123756513	0.0040678237914512595	2.3780632636132743E-6	3.5093996274825944E-7	6.810804846092544E-7	9.532577899744169E-7	1.6974199261423707E-6	1.855111892152279E-6	0.8770782498390114
251	251	8.478874998085748E-7	0.9999892891754134	1.7763339128587375E-7	4.148317963102272E-6	1.8914722066543507E-6	9.692054308042313E-7	1.430293815081451E-7	2.7758172568339834E-7	3.8851053339760563E-7	6.918018691701384E-7	7.560709372767529E-7	4.193136479558941E-7
252	252	3.2610677390869847E-6	0.9999588050012219	6.831973838955747E-7	1.5954883028706067E-5	7.274808266300369E-6	3.7276697246476107E-6	5.501065906539261E-7	1.067609571777613E-6	1.4942538568435624E-6	2.6607453912224755E-6	2.9079312321164407E-6	1.6127259927956948E-6
253	253	1.3295107125291839E-6	0.9999832051350785	2.785339997001675E-7	6.504675646435255E-6	2.965879980263794E-6	1.5197405353736252E-6	2.2427396908721282E-7	4.3525571255825126E-7	6.091951068970344E-7	1.0847641889013143E-6	1.1855398396230227E-6	6.574952301961206E-7
254	254	1.392037392481164E-6	0.6986289188456274	2.9163340995002284E-7	0.024904962716181703	3.1053648498134017E-6	0.02618757879518279	2.3482153862127072E-7	4.5572572034376843E-7	6.378454570734547E-7	1.1357804782953065E-6	1.2412955920391983E-6	0.25027004513856954
255	255	1.883847082258898E-7	2.751813258415872E-7	3.946680968420879E-8	0.16422718331919728	4.202496673773421E-7	2.1533927830546422E-7	3.177844738744773E-8	6.167345598739435E-8	0.8357711697532814	1.5370540703001848E-7	1.679847891956334E-7	9.316363225444229E-8
256	256	8.769313641107602E-7	1.2809698712844178E-6	1.8371811374399313E-7	0.06863324993402559	1.9562634226043757E-6	1.0024049661430284E-6	1.479287649153612E-7	2.870901168028985E-7	0.931359083613578	7.154991162892573E-7	7.819696817564742E-7	4.336769788152768E-7
257	257	1.3003075058844687E-6	1.899412892059145E-6	2.7241589484086235E-7	0.06501140828175822	2.900733302519243E-6	1.4863588585788309E-6	2.1934770636321798E-7	4.25695155883269E-7	0.9349772239578873	1.0609369323995533E-6	1.1594990077622612E-6	6.430530982942234E-7
258	258	7.667574250535631E-7	1.1200342470054237E-6	1.6063654875987494E-7	0.08447028647986254	1.7104867792744922E-6	8.764670556402347E-7	1.2934362199814087E-7	2.5102133157403406E-7	0.9155230102483201	6.25606840496993E-7	6.837263259041317E-7	3.7919164166126334E-7
259	259	1.0141508621095254E-6	1.4814120608136197E-6	2.1246575395046962E-7	0.07707930235689953	2.2623734510389543E-6	1.15925818393744E-6	1.7107619890165365E-7	3.320130871975632E-7	0.9229118315680286	8.27458197209268E-7	9.043298704465948E-7	5.01537406395031E-7
260	260	1.2258120086623113E-6	1.7905942417139135E-6	2.568090038204301E-7	0.05145840145569536	2.7345483280404126E-6	1.4012043534180904E-6	2.0678112778382805E-7	4.013067922392268E-7	5.616793235400976E-7	0.8581010951463215	0.09043131845065294	6.062121509945365E-7
261	261	1.6219623945262214E-6	2.3692674760826544E-6	3.3980295822605694E-7	0.0995443696989418	3.6182828384396715E-6	1.8540369585469279E-6	2.7360738089773803E-7	5.309986532031808E-7	7.431993928327839E-7	0.8495900835792439	0.05085339343969602	8.021240655742816E-7
262	262	0.00117984475602766	2.9536471517019155E-6	4.2361533673847826E-7	0.07975542044143723	4.510732075501815E-6	2.31133505906075E-6	3.410926243791616E-7	6.619694379902988E-7	9.265094768517242E-7	0.8545466871183701	0.06450491881508637	9.999679164600941E-7
263	263	1.948706929351426E-6	2.8465567165494424E-6	4.0825630824976887E-7	2.0984912520680406E-4	0.01749852484439752	2.2275329444055318E-6	3.2872562327985424E-7	0.9042893708785302	8.929170069482797E-7	0.015559389188968974	0.06243324955530508	9.63712062658966E-7
264	264	1.747330726885428E-6	2.552398178367618E-6	3.660677658117899E-7	8.548874046917591E-6	0.04053696756722002	1.9973433153464386E-6	2.947556523866952E-7	0.9201671109883583	8.006444167151268E-7	0.010778312714718751	0.02850043719197397	8.641236265909898E-7
265	265	1.027215303420945E-6	1.5004958299545056E-6	2.1520276919827861E-7	5.025685242578406E-6	2.2915176802457723E-6	1.1741919192175447E-6	1.732800277833669E-7	0.7479744433828153	4.7068032673716107E-7	0.1380087659285825	0.11400440442121774	5.079982853984763E-7
266	266	2.1490244906417475E-6	3.1391688538314454E-6	4.5022306416272807E-7	1.0514174226755965E-5	4.794055928865671E-6	2.4565124591782717E-6	3.625170129430386E-7	0.7831875867235735	9.84704517205691E-7	0.12798020423905454	0.08880629587985936	1.0627769591142582E-6
267	267	2.346897563111099E-6	0.2454315789833373	4.91677696899762E-7	0.10270209450855845	5.23547229259975E-6	2.682697721362833E-6	3.9589604398052564E-7	0.4946365990639171	1.0753719382343615E-6	1.914862669018772E-6	0.15721442393530208	1.1606329599022129E-6
268	268	5.841318647508497E-7	0.7984611148952709	1.2237628708674286E-7	0.1650069036289454	2.2146859935149454E-4	0.013891110183849704	9.85366801059998E-8	1.9123330758008485E-7	0.009467384787163061	0.010568421305993135	0.0023823114451526294	2.8887613409946E-7
269	269	9.264548880502891E-7	0.8812634572112835	1.9409334808556762E-7	4.532711538937174E-6	2.06674077853703E-6	0.01127039538145587	1.5628284372979568E-7	0.09196443697986308	0.0031113962403816206	0.01238115360494147	8.261303719077747E-7	4.581683051851114E-7
270	270	2.128492526275026E-6	0.8920338221674516	4.4592159437924277E-7	1.0413720904092903E-5	4.748253107198363E-6	0.01721437387060466	3.590534942979559E-7	0.09072804593632944	9.752965657621132E-7	1.7366633055967612E-6	1.8980010198176613E-6	1.0526230968621855E-6
271	271	1.8828298109271067E-6	0.9729446746404492	3.9445497734620575E-7	0.0011704713156828791	4.200227339161053E-6	2.1522299579161704E-6	3.1761287128634513E-7	6.164015252062186E-7	8.6273145235111E-7	1.5362240660732735E-6	0.025871960198625664	9.311332419432929E-7
272	272	3.2953117787309015E-6	0.9979259464854446	6.903715489760249E-7	1.612242313846841E-5	7.351200062670362E-6	3.7668134898323227E-6	5.558831869732675E-7	0.0018076796493412463	1.509944818334032E-6	2.688685525543298E-6	2.9384670321554362E-6	2.2745476463234267E-4
273	273	1.7624199283905287E-6	2.574439598370167E-6	0.19125112942844757	0.09433564746373162	3.931616295507419E-6	2.014591518732554E-6	2.9730103624860326E-7	5.769816929862784E-7	8.075584397743348E-7	0.23026324683415386	0.292101327517144	0.192036683848013
274	274	4.993158094924444E-4	5.283062491867472E-6	0.15540242865966836	0.15554329055820668	8.068153782423142E-6	1.280589637665284E-4	6.10097807069424E-7	1.184036456959325E-6	1.6572079243435256E-6	0.25627939073364037	0.259997408200368	0.17213330451639497
275	275	8.982538327986455E-7	0.16657353398413519	1.8818519507786235E-7	0.040877992416208785	2.0038297057604525E-6	1.0267783086620741E-6	1.5152563302503797E-7	2.940706745485307E-7	4.115888909623434E-7	0.7925422541624688	8.009831698542977E-7	4.442217764811948E-7
276	276	1.3732388323572644E-6	0.15518439692836375	2.876950903181689E-7	0.032050141375734316	3.0634289160869293E-6	1.5697253874038796E-6	2.3165042638247484E-7	4.495714407244401E-7	6.292317687922947E-7	0.8127559535008362	1.2245327019440633E-6	6.791205017651726E-7
277	277	1.1564953759585998E-6	1.689340572719669E-6	2.422870907807197E-7	5.6581923231760055E-6	2.579916393677023E-6	1.3219697180724027E-6	1.950881672129063E-7	3.786138871913254E-7	5.299177490964069E-7	0.9999846449862725	1.0312600941217536E-6	5.7193235546792E-7
278	278	1.4439682635241461E-6	2.1092640956467E-6	3.0251298623564674E-7	7.06466304442413E-6	3.2212125292134733E-6	1.6505749680618236E-6	2.435817106584029E-7	4.7272686825974487E-7	6.61640701623311E-7	0.9999808281529098	1.2876029410117097E-6	7.140989815836937E-7
279	279	1.1701277096069347E-6	0.9919664260951405	2.4514308011614567E-7	0.008024517313216907	2.610327480305244E-6	1.3375526011901329E-6	1.973877933433472E-7	3.8307684566170145E-7	5.361642207313401E-7	9.547216309435014E-7	1.0434162012481034E-6	5.78674079521554E-7
280	280	1.932064999591469E-6	0.9999755934492426	4.047698051211465E-7	9.452692657334797E-6	4.310061475139057E-6	2.2085098443998654E-6	3.2591831108194357E-7	6.325201596204386E-7	8.852915082715496E-7	1.5763956637848096E-6	1.7228443578311118E-6	9.554819752024948E-7
281	281	2.370535413450318E-6	0.7182801722845396	4.966298533113276E-7	1.159792382834534E-5	5.2882037421750545E-6	2.7097177363134967E-6	3.998834917433053E-7	7.760667671214709E-7	0.03167901413730848	0.008124479773254662	0.00812465945759011	0.23376803538647475
282	282	0.075772068944684	0.4716050918768116	5.380615227650529E-7	0.11855091318842412	0.030014323708016547	2.935777705957446E-6	4.3324403287759765E-7	8.408106433806401E-7	0.026401699693338256	0.03414677175594552	0.029570875799225894	0.2139335071396491
283	283	1.119068070334296E-6	1.6346689611999882E-6	2.3444602787291777E-7	0.17059981666214125	2.496423349641922E-6	1.2791872169981038E-6	1.887745886117722E-7	3.663609219273962E-7	5.127681832931414E-7	9.130614414773998E-7	0.8293908851560137	5.53423083827484E-7
284	284	1.8638312609219193E-6	2.7225753212967213E-6	3.904747596077704E-7	0.05014191872074526	4.1578452668818205E-6	2.13051304636058E-6	3.1440802293393164E-7	6.101817728250207E-7	6.471746544382374E-5	1.5207229147907292E-6	0.949778731523732	9.217377132789994E-7
285	285	8.384363258647352E-7	0.0016962173507891244	1.7565335964293064E-7	0.17246241819811214	1.8703884746273255E-6	9.58401958508776E-7	1.4143507145637708E-7	2.7448759683534096E-7	3.8417991096127576E-7	6.840905397759954E-7	0.8258356227381897	4.146396714852517E-7
286	286	1.413203003627202E-6	9.89100054370263E-5	2.9606762945126284E-7	0.126535796927988	3.1525812142822995E-6	1.6154077354054228E-6	2.3839194657296617E-7	4.626549260088919E-7	6.4754375180936E-7	1.1530497614917956E-6	0.8733556152822535	6.988843530385019E-7
287	287	1.2605441437814878E-6	1.8413289063340572E-6	2.6408542545562506E-7	6.167254401217952E-6	2.8120289705437136E-6	1.4409060520379335E-6	2.1264006049090852E-7	4.126774115787342E-7	5.775939352595007E-7	1.0284935148075476E-6	0.9999833590586236	6.233885550356468E-7
288	288	2.4053117259880734E-6	3.513538206222355E-6	5.039155301657376E-7	1.176806810105062E-5	5.365782935912361E-6	2.749469933370945E-6	4.057498766994841E-7	7.874518492807369E-7	1.1021378919516078E-6	1.962523505006357E-6	0.9999682465293881	1.1895210561812165E-6
