0	0	0.02534600206599874	1.2373229186613749E-6	3.500714121542577E-7	0.2174842538624038	0.7259633264390365	1.0403469673038066E-6	7.912711787657778E-7	5.152940977211292E-7	2.634902836115054E-6	1.3712376697310693E-6	9.149291113297677E-7	2.1289024255550266E-7	2.4702754395345577E-6	1.586019177036894E-6	0.03119329307151015
1	1	3.5795087202821163E-6	1.6666955462642402E-6	4.7155229626164713E-7	2.2360885815849246E-6	0.98367789382752	1.4013655051752106E-6	1.0658560749549188E-6	6.941101346584685E-7	3.5492600642547736E-6	1.8470810509863321E-6	1.2324254663047691E-6	2.8676686882535355E-7	3.3275040905024745E-6	2.1363954864077836E-6	0.016298611562593508
2	2	1.2367575321363292E-6	5.758606646048101E-7	2.684846761918579E-5	7.725918867383665E-7	0.9977496061308888	4.841863728341125E-7	3.6826437142185985E-7	2.3982227848948074E-7	1.226306306534658E-6	6.381857346316481E-7	4.258158304274005E-7	9.908093895045862E-8	0.0022160496227699683	7.381468843659193E-7	6.907599207757221E-7
3	3	4.957557037376092E-6	2.3083442115191863E-6	6.530916914873549E-7	0.019364541127176484	0.9735432731508334	1.940866740386071E-6	1.4761920414615889E-6	9.613304091961954E-7	4.915663177274613E-6	2.55817498391221E-6	1.7068877382254788E-6	3.9716710300942936E-7	0.007064582657209942	2.958870422146836E-6	2.7689192241778466E-6
4	4	0.006367750812394081	5.069719132863654E-7	1.4343577648970614E-7	0.012569551654622816	0.9748075159260241	4.262643846169817E-7	3.242098383348782E-7	2.1113294733882407E-7	1.0796063921567923E-6	0.0018095396064600104	3.7487656221066805E-7	8.722813742521423E-8	0.004441230304240237	6.498442440241539E-7	6.081260627473684E-7
5	5	0.05793386562385045	1.2101914991435967E-6	3.4239521526087625E-7	5.7704235620947214E-5	0.2546141476070705	1.017534741337359E-6	7.739205664238944E-7	5.039949775565788E-7	0.031912442235349975	1.3411698322127084E-6	8.948669875509796E-7	2.082220881110155E-7	2.4161084324714498E-6	1.5512417143338E-6	0.6554715806520538
6	6	5.220583297768628E-6	2.430814843945031E-6	6.877418758443408E-7	3.2612538796757964E-6	0.16796959845165138	2.043840627886555E-6	1.5545123248914231E-6	1.012334389710423E-6	0.16243872951174937	2.693900542766152E-6	1.7974477247895351E-6	4.182390497501164E-7	4.853043709519133E-6	3.115855125753046E-6	0.669562582469207
7	7	2.4535145106331404E-6	1.1424086451854348E-6	0.7352774615856573	1.5326895981265532E-6	0.08074051899400801	9.605425968558991E-7	7.30573257534143E-7	4.757662071648352E-7	0.04203641995539898	1.2660508787790587E-6	8.447454668064754E-7	1.965595641226382E-7	2.2807821430856875E-6	1.464356629906331E-6	0.14193225147543753
8	8	4.570808497100068E-6	2.1282658488238046E-6	6.021427550565964E-7	2.855345101148761E-6	0.32360114556655273	1.7894560005689684E-6	1.3610314668281352E-6	8.863351787476999E-7	0.1322598848812995	1.0098303092846525E-4	1.573730149478272E-6	3.6618333496067034E-7	4.249014364687797E-6	2.7280432611068774E-6	0.5440148761652608
9	9	3.456956419510944E-6	1.6096325832038653E-6	4.5540767325420835E-7	2.1595312040742525E-6	0.43405485735371807	1.353386695706898E-6	1.0293641637782473E-6	6.703457578575428E-7	0.10689206719176843	1.7838421961047692E-6	1.1902306881306485E-6	2.769487786052179E-7	3.213579718756727E-6	2.063251319798298E-6	0.4590338129773147
10	10	3.349765724854006E-6	1.559722311335158E-6	4.412867359543611E-7	0.05507789837574569	1.0560626557171833E-5	1.3114219028522622E-6	9.974464169569094E-7	6.495601827083926E-7	3.321458513138286E-6	0.012578093635392336	1.1533249135762853E-6	2.6836135997432766E-7	3.1139354650875664E-6	1.999275580627044E-6	0.9323152818031978
11	11	2.3084531115999952E-6	1.074864966262829E-6	3.041077563016883E-7	0.10798852004352719	7.277736187778138E-6	9.037515518765522E-7	6.873789016928331E-7	4.4763704333681505E-7	2.2889455172386846E-6	0.013798433170416	7.948008022402842E-7	1.8493819190682147E-7	2.1459333589713246E-6	1.3777781236464036E-6	0.878193250460544
12	12	5.544079900427876E-6	2.581441756467621E-6	7.303582172859639E-7	0.05275796491961523	0.09810974903492208	2.1704884489798115E-6	1.6508386216309548E-6	1.0750643026621843E-6	5.497229625990513E-6	2.8608297197911094E-6	1.9088276605671214E-6	4.441554855153352E-7	5.153765499219777E-6	3.3089309738082505E-6	0.8490993600352503
13	13	2.301803309579146E-6	1.0717686767220633E-6	3.032317340154876E-7	0.04480021943879921	0.15198538477282122	9.011481769733257E-7	6.853988165931631E-7	4.4634756611051565E-7	0.002237254822513921	1.1877655869731136E-6	7.925112742640166E-7	1.844054531840402E-7	2.1397517164179676E-6	1.3738092530183335E-6	0.800965753024302
14	14	6.136477991554913E-6	2.857274932820116E-6	8.083987256353763E-7	3.833405486712061E-6	0.13957622433309885	2.4024102894081378E-6	1.8272346450969032E-6	1.1899374740763888E-6	6.084621654137952E-6	3.1665161628946723E-6	2.112790424942718E-6	4.916145529365282E-7	5.7044575705260644E-6	3.662498099059071E-6	0.8603834980288914
15	15	2.2681213661308257E-6	1.0560856460266067E-6	2.9879458941918714E-7	0.0060209506471338645	0.15715123951819815	8.879618105235695E-7	6.75369478254842E-7	4.398162289552231E-7	2.2489545953827574E-6	1.170385190844652E-6	7.809145753580632E-7	1.8170707577713558E-7	2.108441049687276E-6	1.3537065077592685E-6	0.8368143395765539
16	16	2.222759974815339E-6	1.0349644154930736E-6	0.0013431878079777978	1.3885392068263616E-6	0.5674760615598969	8.702029799063704E-7	6.618623971774678E-7	4.3102010527046044E-7	2.203976530727449E-6	0.4311663595637982	7.652966405483344E-7	1.7807301725972025E-7	2.06627319176367E-6	1.3266329959350133E-6	1.2414668714042178E-6
17	17	1.174570915541914E-6	5.46905250604035E-7	1.5473397486297556E-7	7.337444375042684E-7	0.5610127217304152	4.598405236718561E-7	3.497473099316938E-7	2.277635396536938E-7	1.1646451982493052E-6	0.4389795188772158	4.0440496766848884E-7	9.409895323197778E-8	1.0918787552898932E-6	7.010313980271099E-7	6.560271447578816E-7
18	18	3.817759778248245E-6	1.777630316433928E-6	9.890134649854683E-4	2.3849219863619352E-6	0.8355505584061739	1.4946399850817486E-6	1.136799144895986E-6	7.403099030765094E-7	3.785497780485E-6	0.1628590792310914	1.314455346424287E-6	3.058539880996124E-7	3.5489817937014633E-6	2.278593347803299E-6	5.787634543786132E-4
19	19	1.2422604975279303E-6	5.784229625697401E-7	1.636511700181759E-7	7.760295423046999E-7	0.8507449270391632	4.863407650925437E-7	3.6990296753972115E-7	2.40889370190457E-7	1.2317627690901808E-6	0.14458292185790875	4.277105023555272E-7	9.952180060995458E-8	1.1548028542497976E-6	7.414312765390298E-7	0.004664638376449976
20	20	5.012881968070077E-4	1.53519990429035E-6	4.3434869776390646E-7	2.0596700963942416E-6	0.2471562619073689	1.2908033469237452E-6	9.81764274780547E-7	6.393476089157925E-7	3.2692375780079186E-6	0.7523239658581339	1.1351920044166891E-6	2.6414210475398314E-7	3.0649772675730526E-6	1.967842389457962E-6	1.8415124168799506E-6
21	21	1.0921943732853816E-6	5.085489769294761E-7	1.4388196954753635E-7	6.82284513831904E-7	0.23823516285742982	4.27590387193682E-7	3.2521837457796576E-7	2.117897294728726E-7	1.0829647793678383E-6	0.761757621942046	3.7604271004139186E-7	8.749948248513645E-8	1.0153016876697148E-6	6.51865747985373E-7	6.10017791813324E-7
22	22	0.7775606276793483	7.679680844388613E-7	2.172785032542409E-7	1.0303289454900424E-6	0.2170555091326712	6.457112008370847E-7	4.911175589359133E-7	3.198271164149093E-7	1.6354027337689595E-6	0.005339028884767739	5.678682148597343E-7	1.3213439216655932E-7	3.712107559766052E-5	9.843930722547804E-7	9.211977927496037E-7
23	23	0.9158256267515055	1.0745438310733335E-6	3.0401689865443747E-7	1.4416401342532067E-6	0.07594412644574126	9.034815398890205E-7	6.871735349158157E-7	4.475033037404479E-7	2.288261653706525E-6	0.00791854119554802	7.945633412435546E-7	1.848829383045858E-7	2.1452922228867854E-6	1.3773664877175125E-6	3.0005688131893806E-4
24	24	0.7899619847495187	2.8302929094033747E-6	8.00764796854281E-7	3.7972055972928643E-6	0.0573345762079354	2.3797236763906594E-6	1.8099795719446585E-6	1.1787005712424366E-6	0.057583753018897725	3.1366138905318282E-6	2.092838770985426E-6	4.869721031579022E-7	5.650588827977084E-6	0.09509212733260075	3.3950103315586542E-6
25	25	0.6295113853232233	1.2561941270886495E-6	3.554105766387728E-7	1.6853476030058547E-6	0.24589760255757145	1.0562139686828104E-6	8.033393649375323E-7	5.231531797544275E-7	0.043312686505363365	1.3921512982419036E-6	9.288832842426597E-7	2.1613716870453442E-7	2.5079512006387547E-6	0.0811496692325057	1.1793159956440579E-4
26	26	0.38746228014802486	1.1827964079457912E-6	3.346444186684346E-7	1.5868750283010186E-6	0.4568038031577185	9.945008189741637E-7	7.564013353666249E-7	4.925860489835644E-7	2.5187875879764476E-6	1.3108097859793535E-6	8.746098937346596E-7	2.0350856707138213E-7	0.09416784919799619	0.0615543931811567	1.4187952108295797E-6
27	27	0.9999478687754421	2.617132158497943E-6	7.404559769335627E-7	3.5112227600493934E-6	1.7720176967272196E-5	2.2004971079596914E-6	1.6736627252333599E-6	1.0899278869651533E-6	5.573233020184101E-6	2.9003828735989855E-6	1.9352186594891587E-6	4.5029627401164695E-7	5.225020239783382E-6	3.354679469372761E-6	3.139318438609209E-6
28	28	0.9999610415825912	1.955820679624691E-6	5.533534511568318E-7	2.6239875057799404E-6	1.3242544304331641E-5	1.6444632859778733E-6	1.2507523390057323E-6	8.145188593951417E-7	4.164957569242221E-6	2.167498031994643E-6	1.4462168681602885E-6	3.365129123534163E-7	3.904733126771494E-6	2.507000442605577E-6	2.3460580323474763E-6
29	29	0.07730041066304164	1.6007966333859753E-6	0.6309128834946423	2.147676629590312E-6	0.167141433221163	1.3459573872720107E-6	1.0237135512158604E-6	6.666659482296368E-7	3.408927068057069E-6	1.7740499364970247E-6	1.1836970115998826E-6	2.754284903509811E-7	3.1959390289328385E-6	2.0519252660679826E-6	0.12462659784420191
30	30	0.9202569959421032	3.335269541795768E-4	6.739255117692278E-7	0.07914684430730952	1.6128007205459698E-5	2.002780969869192E-6	1.5232830090764131E-6	9.919971367594885E-7	5.072474302781854E-6	2.6397815309853054E-6	1.761337967562397E-6	4.098368523781989E-7	4.755548673782311E-6	1.1343491697265163E-4	1.1323890627465778E-4
31	31	4.219575216853998E-6	1.9647241480957316E-6	5.558724781090685E-7	2.6359326653078574E-6	1.3302828243916838E-5	1.6519493644159524E-6	1.256446129919915E-6	8.182267877646711E-7	4.183917675752643E-6	2.177365117760711E-6	1.4528004708505019E-6	0.046888954269754736	3.922508615416347E-6	2.51841304276374E-6	0.9530703851702883
32	32	0.8939847391244389	1.1540163308955695E-6	3.2650177291046273E-7	0.05615285374313558	0.04984878195023505	9.703023939499504E-7	7.379964023058715E-7	4.806003307751093E-7	2.45749986308303E-6	1.2789148576677353E-6	8.533286825630043E-7	1.9855674932713766E-7	2.3039565145348186E-6	1.479235536503493E-6	1.384272756067414E-6
33	33	0.11931825334523093	1.732670292340782E-6	4.902182986262686E-7	0.018549873004303354	0.01928191178721227	1.456837383990504E-6	1.1080470942186984E-6	7.215859024949456E-7	3.6897545486995616E-6	0.007388822590088011	1.2812099952968627E-6	0.0013652692128166082	3.4592205506151908E-6	0.043601003570279365	0.7904809269460032
34	34	0.13105723249461068	1.213253298280899E-6	3.4326147929879424E-7	1.6277369030816703E-6	0.0549375885773379	1.0201091165460813E-6	7.758785948221224E-7	5.05270090948616E-7	2.583646118852157E-6	1.3445630081176381E-6	8.971310118582259E-7	2.0874889251362184E-7	2.4222212160428143E-6	0.0427306484268943	0.7712615886814268
35	35	0.011941661372461613	0.022410467274911628	1.49695742192875E-7	7.098532707465331E-7	0.5023147459322175	4.4486783553758367E-7	3.3835932403694716E-7	2.203474197772596E-7	1.1267236397028284E-6	5.863616209905481E-7	3.91237295075171E-7	9.103503387738583E-8	1.056326516542315E-6	0.009734535378648454	0.45359347523406224
36	36	4.623244451565832E-6	2.1526811467324283E-6	6.090504892366807E-7	2.888101394877293E-6	1.4575454567835901E-5	1.8099844986287436E-6	1.3766451124372984E-6	8.965031459910674E-7	4.584175701613265E-6	2.3856645947469327E-6	1.5917838575939799E-6	3.703841612893825E-7	4.297758722254408E-6	2.7593391581699008E-6	0.9999550792289971
37	37	1.0273572901630021E-6	4.783594492268261E-7	0.9966644831944512	6.41781340753505E-7	3.2388941715236965E-6	4.022068893887879E-7	3.059120942113968E-7	1.9921703304614335E-7	1.0186756023349377E-6	5.301320185366637E-7	3.537192912023279E-7	0.003325178548082221	9.550292659031429E-7	6.131683560920016E-7	5.738046641490999E-7
38	38	2.0433239681212465E-6	9.514151866556275E-7	2.691805452839054E-7	1.276447063169778E-6	9.461955999273962E-5	7.999543927908538E-7	6.084324511301576E-7	3.9622528829926495E-7	2.0260568488895177E-6	1.0543863075839903E-6	7.035167926689853E-7	1.636977759025391E-7	1.8994698416628873E-6	1.2195383344167468E-6	0.9998919687952107
39	39	4.816891193160184E-6	2.242847196597073E-6	6.345608519143851E-7	3.0090708634769194E-6	0.06829992593216636	1.8857965401869255E-6	1.434306532495886E-6	9.340535967338261E-7	4.7761860304663616E-6	0.028792246584518552	1.658456463936732E-6	3.858978739479364E-7	4.477772342871288E-6	0.011539566144505768	0.8913420054993235
40	40	1.337941823336607E-6	6.229742270162785E-7	1.7625590223709453E-7	8.358008508363428E-7	4.218057354472242E-6	5.237996791379165E-7	3.9839361537501435E-7	2.5944313919374275E-7	1.3266355393850163E-6	6.903983709285047E-7	4.60653599241494E-7	0.9999863600862473	1.2437480218391584E-6	7.985377591780939E-7	7.472738704846187E-7
41	41	2.2073039071709553E-6	1.0277677409998144E-6	2.90782704362775E-7	1.3788839331347565E-6	0.061826856059244074	8.641519819245058E-7	6.572601053880007E-7	4.2802298638284727E-7	2.1886510746586317E-6	0.021195171559289943	7.599751138075457E-7	1.7683477802939831E-7	2.0519052624390795E-6	0.021862128517374672	0.895103812324503
42	42	0.11423190994940816	2.659055413836231E-6	7.523171757984927E-7	3.567468252979962E-6	1.8004032523143313E-5	2.235746379506263E-6	1.7004727545061665E-6	1.1073871982793308E-6	5.662509394786084E-6	2.9468434588597907E-6	1.9662184948370793E-6	4.575094694217346E-7	5.308718671652365E-6	0.07418266613798305	0.8115390556334212
43	43	1.4781176267113612E-6	6.882430684790538E-7	1.9472218549746242E-7	9.23367480179846E-7	3.655335494289125E-5	5.786780300123129E-7	4.4013320682847297E-7	2.8662492679632784E-7	1.46562678644465E-6	7.627312217337649E-7	5.08916152384586E-7	0.9999530376633096	1.3740551660782715E-6	8.822003444754995E-7	8.255655520129792E-7
44	44	0.08644820802846294	1.294551829712839E-6	3.662629862418943E-7	1.7368094437997711E-6	8.765200275168128E-6	1.0884653066285986E-6	8.278692141082128E-7	5.391275850339893E-7	2.7567728974895065E-6	0.00456066610375607	9.572465984957967E-7	2.227368853123623E-7	2.5845311211109445E-6	0.04001491427995891	0.868955072013679
45	45	0.003643445933767735	2.1811849026154504E-6	6.171149564207729E-7	2.9263428860753535E-6	0.571704626494842	1.8339505915075144E-6	1.3948733374031882E-6	9.083737877999944E-7	4.644874995292687E-6	2.4172532958096303E-6	1.6128607451601041E-6	3.7528843600389636E-7	4.354665554763819E-6	0.011525540539288007	0.4131031202486134
46	46	3.34023846121435E-5	6.888802191759281E-7	1.949024522983483E-7	9.242223006065417E-7	3.658719472514496E-5	5.792137493344167E-7	4.4054066633266825E-7	2.8689027385206123E-7	1.4669836110479178E-6	7.634373308857677E-7	5.093872886676714E-7	0.9539840202072147	1.3753272169665504E-6	0.004087014037502856	0.04185174639083601
47	47	2.4539042362472214E-6	1.1425901097371409E-6	3.23268992432392E-7	1.5329330563951864E-6	0.6905547640783755	5.3908634736538625E-5	7.306893045802027E-7	4.7584177968598504E-7	2.433167506442459E-6	1.2662519831353002E-6	8.448796494022442E-7	1.9659078639440354E-7	2.281144431230896E-6	1.4645892339053498E-6	0.3093761814358185
48	48	0.1876942903940568	1.3885103730224199E-6	3.928463457224794E-7	1.8628670350064122E-6	0.8122231089920907	1.167466094628354E-6	8.879559434481341E-7	5.782574532904363E-7	6.730081153395586E-5	1.5387880557167254E-6	1.0267235355471835E-6	2.3890312354625753E-7	2.7721163329998572E-6	1.779813536074085E-6	1.665554489510836E-6
49	49	2.0316792979729572E-6	9.459931800646392E-7	2.676465160701974E-7	1.269172737001113E-6	0.02959677425536303	7.95395543982219E-7	6.04965064014134E-7	3.9396724559108975E-7	2.014510582083528E-6	1.0483774803239755E-6	6.995075307397841E-7	0.9703889185526062	1.8886449797673333E-6	1.2125883245998823E-6	1.1347435487094135E-6
50	50	2.5177598195373046E-6	1.1723226302002559E-6	0.7907116626580987	1.572823094895818E-6	0.20921641136727928	9.856944170644907E-7	7.497033276454017E-7	4.882241513966709E-7	2.4964834778122184E-6	1.299202437265077E-6	8.668651376807143E-7	2.0170647882821622E-7	2.3405044527319546E-6	1.502700827027022E-6	5.5731984370067926E-5
51	51	0.3700182336038389	2.456829213464151E-6	6.951020297188956E-7	3.296155535691629E-6	0.626761659134048	2.0657136329261906E-6	1.5711485808952415E-6	1.0231683045009463E-6	5.231864830735144E-6	2.7227304326040557E-6	0.003189620622380124	4.227150077666749E-7	4.90498056216192E-6	3.1492007369217823E-6	2.94703086555949E-6
52	52	0.34506116319968294	8.935804956302605E-7	2.5281758000346E-7	1.1988543123454399E-6	0.652276926663568	7.513267107963365E-7	5.714470179412965E-7	3.721395185463385E-7	1.9028967674667612E-6	0.002651151293217213	6.607513660646534E-7	1.5374690437594242E-7	1.7840047398383785E-6	1.145404955263411E-6	1.071873163609608E-6
53	53	0.47500275217400123	8.465711170844556E-7	2.3951738222661127E-7	1.1357851244368928E-6	0.5249861167874289	7.118010027799725E-7	5.413843998373433E-7	3.525620461364696E-7	1.8027893961522834E-6	9.381950243905677E-7	6.259906352251976E-7	1.4565860515343466E-7	1.6901520264536477E-6	1.0851476249014266E-6	1.0154841851710468E-6
54	54	0.006396378826627661	3.064192240870944E-6	8.669411102756586E-7	4.111011934333414E-6	0.12199489040907664	2.5763873415314722E-6	1.9595587940955755E-6	1.2761100212318954E-6	6.525256021772766E-6	3.3958280127273782E-6	2.265793869652613E-6	5.272161531618999E-7	6.117561325724875E-6	0.8715723693287764	3.675578694019928E-6
55	55	1.8647533881183991E-6	8.682689189295048E-7	2.456562648238538E-7	1.1648955441892924E-6	0.22255020056286026	7.300446172852928E-7	5.552601997466611E-7	3.615982880549274E-7	1.848995280450325E-6	9.622411669064442E-7	6.420349113478588E-7	1.493918668816755E-7	1.733470990469687E-6	0.7774376313144369	1.0415112656867461E-6
56	56	2.5768349661989867E-6	1.1998292774890416E-6	3.3946346841213116E-7	1.6097268353887958E-6	0.15785771146281843	1.0088221363170711E-6	7.672938991088635E-7	4.996795384926625E-7	0.019129098961863666	1.3296861132412685E-6	8.872047208081464E-7	2.0643919388980544E-7	2.395420589980054E-6	0.8229989299479956	1.4392265831032064E-6
57	57	0.019775682144237906	2.101733717310146E-6	5.946361126058954E-7	2.819748800159189E-6	0.3793674354161171	1.7671476587933203E-6	1.3440641007013572E-6	8.752856373848516E-7	4.475682175587921E-6	2.329203154207725E-6	1.5541111646996352E-6	3.616182922961668E-7	4.1960438168637905E-6	0.600831942080479	2.521084535366082E-6
58	58	0.029888019264267804	9.59708423364919E-7	2.715269215146893E-7	1.2875735175192803E-6	0.48694303903647346	8.069273854749125E-7	6.13735997268173E-7	3.9967908024221663E-7	2.043717455184216E-6	1.0635771165541176E-6	7.096491640799089E-7	1.6512468649150753E-7	1.916027022208264E-6	0.4831575532571474	1.1511953415784797E-6
59	59	5.887587633397782E-7	2.741386277737888E-7	7.75610756928562E-8	3.6779258018077364E-7	0.998954106698284	2.3049705596162186E-7	1.7531235530533626E-7	1.1416746163728252E-7	5.837834545175258E-7	3.0380849450238E-7	2.0270974319427208E-7	0.0010417472316668391	5.473089595317107E-7	3.5139502732738035E-7	3.2883645027663134E-7
60	60	9.607401985757218E-7	4.4734111164757134E-7	1.2656464396419923E-7	6.001662115619844E-7	0.999993157448968	3.7612652431618804E-7	2.860757878038139E-7	1.8629917139931984E-7	9.526214588074143E-7	4.957565840404491E-7	3.307830151435142E-7	7.696823224347226E-8	8.931021518558881E-7	5.734085831996302E-7	5.365973573719569E-7
61	61	2.1672185562330158E-4	1.53519990429035E-6	4.3434869776390646E-7	2.0596700963942416E-6	0.9987671105588326	1.2908033469237452E-6	9.81764274780547E-7	6.393476089157925E-7	3.2692375780079186E-6	1.70135371096814E-6	1.1351920044166891E-6	9.962463362477253E-4	3.0649772675730526E-6	1.967842389457962E-6	1.8415124168799506E-6
62	62	9.086932124911211E-7	4.231069257068693E-7	1.1970815115482925E-7	5.676529030651377E-7	0.9991896455983488	3.55750306056397E-7	2.7057796376247624E-7	1.7620662984045964E-7	9.010142960344351E-7	2.007579071398326E-5	3.128632289081516E-7	7.279856752196786E-8	8.447193785122922E-7	7.848179915563015E-4	5.075278178298674E-7
63	63	4.018673136920509E-4	2.846721018252132E-6	8.054127437862995E-7	3.819246039349651E-6	0.9646024769067266	2.3935365080787947E-6	1.8204853896722668E-6	1.1855422027994137E-6	6.062146891076598E-6	0.01781206241024167	2.1049864123190913E-6	4.897986765808885E-7	5.68338701929402E-6	3.648969932203695E-6	0.017152733136506254
64	64	2.2829811230565626E-6	1.0630046655407548E-6	0.7711644769836645	1.426158844736203E-6	0.22872104414187722	8.937793548846221E-7	6.797942089733083E-7	4.4269771596551383E-7	2.2636887798595856E-6	1.1780530518794E-6	7.860307922161502E-7	1.8289754248586414E-7	5.138218286641005E-5	5.0622503627957417E-5	1.2751018843370074E-6
65	65	0.005748809810670983	1.3776955153606705E-6	3.897865361636361E-7	0.2954662742078053	0.6984494359319198	1.158372911110509E-6	8.81039814246022E-7	5.737535099489336E-7	2.9338289673435603E-6	1.5268027122021847E-6	1.0187265705185819E-6	3.1945098557641506E-4	2.7505248172678245E-6	1.7659508884258738E-6	1.6525817850342116E-6
66	66	1.2282682880382161E-6	5.719078916308808E-7	1.6180788396127566E-7	0.25437050308517184	0.7455155067978796	4.808628626058233E-7	3.6573656297080634E-7	2.3817611114514598E-7	1.2178888008355049E-6	6.338051553018718E-7	4.228929822284534E-7	9.840083613776926E-8	1.1417957245148202E-6	1.0674255538287954E-4	6.860184662639966E-7
67	67	4.49954492752387E-5	9.279719193274891E-7	2.625478242898177E-7	0.604573022217271	0.3486273371298565	7.802431826445913E-7	5.934404215693328E-7	3.864621318077021E-7	1.9761339624391935E-6	0.0061073796658770736	6.861818452436157E-7	1.596641943754303E-7	1.8526661119091415E-6	1.189488400810849E-6	0.04063845073772583
68	68	4.835486364202365E-6	2.251505504532577E-6	6.370105164604258E-7	0.6672277987180298	0.33263644744964693	1.893076486486174E-6	1.4398435426190442E-6	9.376594258251068E-7	4.79462406292429E-6	2.4951846562108812E-6	1.6648587845157615E-6	3.8738759764795797E-7	1.0883044196214428E-4	2.8860137103546785E-6	2.700739709325919E-6
69	69	1.5163721444687484E-6	7.060551872230189E-7	1.9976170547087827E-7	0.5822645578562655	0.4177255895545843	5.936545437720251E-7	4.515241024324285E-7	2.9404294154271516E-7	1.5035580342117787E-6	7.824711358912366E-7	5.220871894093809E-7	1.2148183614678206E-7	1.409616488668896E-6	9.050321869036267E-7	8.46931654073228E-7
70	70	0.04045433369065332	1.0671575457646717E-6	3.0192712298667977E-7	0.8773854481698927	0.08209816610338837	8.972711162359775E-7	5.013482381356806E-5	4.444272197479559E-7	2.272532417777392E-6	1.1826553959522607E-6	7.891016082136732E-7	1.836120751796658E-7	2.1305457416633373E-6	1.3678986358173172E-6	1.2800833727260998E-6
71	71	2.454034172300263E-6	1.14265061073262E-6	3.232861097657936E-7	0.7670989496972745	0.23272625304898945	9.607460426333995E-7	7.307279951219258E-7	4.758669758618632E-7	2.433296344470246E-6	1.266319032118881E-6	8.449243864075914E-7	1.9660119602264865E-7	2.2812652195238672E-6	1.603168963735314E-4	1.3706392776204952E-6
72	72	0.0933763266941122	2.6616792196675322E-6	7.530595199341496E-7	3.5709884293389975E-6	0.7233010584493045	2.237952487869908E-6	1.7021506850622679E-6	0.011348659532417493	5.668096839520229E-6	0.0064167829548314416	1.9681586482936494E-6	4.579609139488016E-7	0.16553154778822354	3.411780564188043E-6	3.1927538029875245E-6
73	73	5.863008683978917E-7	2.7299417950645654E-7	0.8210889105106307	3.662571541645872E-7	0.17890699099462826	2.295347984408097E-7	1.7458047770420999E-7	1.1369084601139443E-7	5.813463300289218E-7	3.0254018325431697E-7	2.0186348954423382E-7	4.697059774359145E-8	5.450241053485624E-7	3.4992805627904696E-7	3.27463654662927E-7
74	74	7.494258997324115E-7	3.4894867059875113E-7	9.872681742451996E-8	4.681599705681339E-7	0.3483446294891885	2.933976941079013E-7	2.2315356949190264E-7	1.453227671250959E-7	0.11992026081153906	3.8671518543053633E-7	2.580274658098318E-7	6.00391102458186E-8	0.0043343577689861435	4.4728766842038286E-7	0.5273972727254673
75	75	6.189388527299797E-5	1.2764799204489029E-6	3.611499646523532E-7	1.7125636299538635E-6	0.3420279940949137	1.073270359769887E-6	8.163121818006779E-7	5.316013782226478E-7	0.11049945785039472	1.4146326114031066E-6	9.438834613280366E-7	2.196274842913235E-7	0.016683533759741433	1.6362112124495053E-6	0.530717134677473
76	76	0.12844547090930372	1.6256386009106098E-6	4.599361994271722E-7	0.0027141524216503375	0.30804576030248076	1.3668446311647153E-6	1.0396000531383697E-6	6.770116058168033E-7	0.3031416001387433	1.801580535943827E-6	1.202066217349006E-6	2.7970272823351946E-7	0.03533420648638614	0.01552058687242542	0.2067897704884383
77	77	8.795215232544764E-4	0.19727859498672898	4.457651766449531E-7	0.06615051484615275	0.027243949907717575	1.324730993594737E-6	1.0075690974193628E-6	6.561523064143961E-7	3.3551666528701136E-6	1.7460723179547687E-6	1.1650295418861824E-6	2.7108485093014E-7	3.1455375372970696E-6	2.0195654202765936E-6	0.708432282062251
78	78	3.296396202967106E-6	1.5348723245391664E-6	4.342560167795325E-7	0.23137625521695745	1.0392371330843456E-5	1.2905279163182388E-6	9.815547866898073E-7	6.392111854245825E-7	0.11032032294356635	1.7009906774480381E-6	1.1349497780373667E-6	2.640857423188953E-7	3.0643232651282315E-6	0.056618585930066134	0.6016601023701835
79	79	3.5682094843010915E-6	0.09855055824426595	4.7006377336947926E-7	2.2290300451956593E-6	0.18440547419284004	1.3969418926696948E-6	1.0624915463969955E-6	6.919190758229674E-7	0.43200186618151837	0.06351968489746908	1.2285351374186016E-6	2.8586164780883874E-7	3.3170003435124548E-6	2.1296516456642373E-6	0.22150603677931438
80	80	0.6499159967888661	2.95630814273162E-6	8.364178426508409E-7	0.01932042080649487	0.2501749527185136	2.4856778811094687E-6	1.8905666367393211E-6	1.2311807322235707E-6	0.058366647514411174	0.019319730802772907	2.1860197859849375E-6	5.086539237920518E-7	5.902174191185873E-6	0.002880708200906721	3.546168898101985E-6
81	81	0.5527934323387901	1.9025387877561141E-6	5.382785932944536E-7	0.009171626189844559	0.38035311144823347	1.5996636190666246E-6	1.2166784325502276E-6	7.923291432093324E-7	0.040383241383227096	0.01728228578250947	1.4068179745957642E-6	3.2734538242841556E-7	3.798357542136499E-6	2.4387029100715525E-6	2.282145010208385E-6
82	82	0.7507181677659082	2.155691746375751E-6	6.099022675822311E-7	2.892140505380256E-6	1.4595838849265503E-5	1.8125158250605575E-6	1.3785703986278598E-6	8.977569368999789E-7	0.026277067035087455	0.20119161929300003	1.5940100228210939E-6	3.709021564534888E-7	4.303769287681594E-6	2.763198190195151E-6	0.02177977160981798
83	83	0.7788277134992121	1.126074449570896E-6	3.1859627491471103E-7	1.5107751528729423E-6	1.1198966595435564E-4	9.468087278596657E-7	7.201274975605948E-7	4.6896368660674173E-7	0.016335551588742683	0.20471358513748633	8.326672689063955E-7	1.9374914914213312E-7	2.2481714465224964E-6	1.4434192116338578E-6	1.3507557389893303E-6
84	84	0.7958807959258518	1.7050165130634426E-6	4.823943123272887E-7	2.287501136497582E-6	1.1544390009309236E-5	1.4335859554654477E-6	1.0903624314713357E-6	7.100692409780698E-7	0.03508448538209276	0.099555665880923	1.2607616165288539E-6	2.933602647722011E-7	3.404010669080767E-6	0.06945279614710465	2.0452118782817867E-6
85	85	0.7887333315632166	8.843160314991532E-7	2.5019641782153104E-7	1.1864248302456612E-6	5.987560285130769E-6	7.435371054983763E-7	5.655223693769707E-7	3.6828125033412966E-7	0.028400640512733704	0.12453752197441108	6.539008278530192E-7	1.5215288717455415E-7	1.765508534960607E-6	0.058314887788902106	1.0607601967018493E-6
86	86	0.5861523099746073	2.3157757190871555E-6	6.551942617295424E-7	3.106913949922702E-6	0.024912454193666136	1.9471151871288148E-6	1.4809445096044045E-6	9.644253263994487E-7	4.931488714870439E-6	2.5664107992894244E-6	1.7123829105143414E-6	3.9844574694694705E-7	0.3677686149570529	0.021143763944036355	2.7778335117727766E-6
87	87	0.5332428778585413	1.616384359197511E-6	4.573179294379392E-7	2.1685895886356387E-6	0.13633566960981364	1.3590636209242078E-6	1.0336819418365689E-6	6.731575948211907E-7	3.4421214285024687E-6	0.003222650219960396	1.195223238027362E-6	2.7811046987213694E-7	0.3044867482031638	0.022697891563056852	1.938895292785141E-6
88	88	0.3603719677412924	2.7537250641035505E-6	7.791017262641744E-7	3.694479886544278E-6	0.06535413350654208	2.3153450696023543E-6	1.761014238568717E-6	1.1468132133319333E-6	0.046710529704199776	2.582685110308066E-4	2.0362212545715278E-6	4.737980586849631E-7	0.524475922836232	0.0028109140369916826	3.3031651995603255E-6
89	89	0.3816779159435182	1.521024642620475E-6	4.303381409435431E-7	2.040652141476181E-6	0.06126150271634872	1.278884719808241E-6	9.726991585997442E-7	6.334441955368166E-7	0.055192758975767114	1.6856442688436407E-6	1.1247102139585307E-6	2.617031497732961E-7	0.501783614382813	1.9496723252743447E-6	7.230920859604333E-5
90	90	0.06930530864013694	2.1394489506163746E-6	6.053067506294135E-7	2.870348684905325E-6	0.7197901400675266	1.7988588054952172E-6	1.3681830890960212E-6	8.909924806217815E-7	4.555997486736311E-6	2.371000285621202E-6	1.5819994098553897E-6	3.6810746747065306E-7	0.2083029833915953	0.0025804513323864227	2.5663249436313807E-6
91	91	3.028634278114067E-6	1.4101966658145445E-6	0.7671311464782133	1.89196201386927E-6	0.23278233316724878	1.1857000322674933E-6	9.018243832885994E-7	5.872889021617818E-7	3.003040789266784E-6	1.5628214435614686E-6	1.0427593013873584E-6	2.4263440505976886E-7	2.8154123195616333E-6	1.807611353223029E-6	6.704046865023228E-5
92	92	0.7639742926515453	2.6999768764755425E-6	7.638949409861445E-7	3.6223697108704672E-6	0.18594313896300896	2.270153339009205E-6	0.03853796905144497	1.1244293041436318E-6	1.3086732259276056E-4	2.9921938279713753E-6	1.9964775621203435E-6	4.6455029924523286E-7	0.003633802851699438	0.007760756421004324	3.2386928434683525E-6
93	93	0.8176995907993353	8.073901460007649E-7	2.284320481800377E-7	1.0832187620607377E-6	0.13091943609309364	6.788574568162118E-7	0.03995939580897837	3.362447834090882E-7	0.0023214295848062003	8.947735192391676E-7	5.970185613114442E-7	1.389172393290699E-7	1.6119284769619219E-6	0.009092802447207164	9.684855861258085E-7
94	94	0.9928084468850185	2.959957667479045E-6	8.3745038982406E-7	3.971167713899499E-6	2.0041392832628758E-5	2.4887464187933836E-6	1.8929005171720493E-6	1.232700609155835E-6	0.007138896361065856	3.2803121911357506E-6	2.1887183995671947E-6	5.092818505821998E-7	5.90946035004834E-6	3.7941183768890834E-6	3.5505465984388024E-6
95	95	0.7889322606690425	1.5495305924558902E-6	4.3840322885485277E-7	2.078896576146374E-6	0.2045848549152216	1.3028526573725697E-6	9.909287866038144E-7	6.453157510366659E-7	0.006465810354056749	1.7172354013089426E-6	1.1457887238262245E-6	2.6660780197298383E-7	3.0935880259070706E-6	1.986211681667688E-6	1.85870245195325E-6
96	96	0.5574906341109342	2.1471122852433074E-6	6.074749108842671E-7	0.03542408786299957	0.40705992760832344	1.8053021735265708E-6	1.3730838112374086E-6	8.941839442587702E-7	4.572316704491082E-6	2.3794930185672407E-6	1.587666004916627E-6	3.694259989088945E-7	4.28664066927465E-6	2.7522009075299115E-6	2.575517313843732E-6
97	97	0.562907393452326	1.148672091786552E-6	3.249897461763198E-7	0.028266554422761266	0.3975810064012378	9.658089324082959E-7	0.011232218218326739	4.783746750241705E-7	2.446119203618271E-6	1.2729922146197404E-6	8.493769252125166E-7	1.9763723483093468E-7	2.2932869129175722E-6	1.4723852102178196E-6	1.3778622015523129E-6
98	98	0.042790859298615036	0.0514909853944596	5.534537738047726E-7	2.624463233136827E-6	0.8295486435099858	9.229446075574413E-5	1.2509790996526654E-6	8.146665311745466E-7	4.165712673544965E-6	2.1678909980844384E-6	1.4464790664088166E-6	3.36573921942067E-7	3.905441052539302E-6	2.5074549602782594E-6	0.07605744422087325
99	99	0.024896017904100034	0.07786642031561547	2.158955168679404E-7	1.0237708604347678E-6	0.801823412748051	6.416012231500859E-7	4.879915759789765E-7	3.177914039935383E-7	1.62499332978722E-6	8.456676414494783E-7	5.642537109000636E-7	4.951899678743961E-4	1.5234645683935077E-6	9.78127370874723E-7	0.09491073550715727
100	100	0.14462676950643977	0.22112846988250723	3.604038080142935E-7	1.7090253748087475E-6	0.26753357224617313	1.0710529213599293E-6	8.146256337934923E-7	5.305030591419737E-7	2.7126722803205555E-6	1.4117098989104438E-6	9.419333437061157E-7	2.1917372125285256E-7	0.01806578984584537	0.04527780991628472	0.30335781750270857
101	101	0.08739595476294224	0.568049362702456	5.314379406870042E-7	8.956381041700244E-5	0.1756669968674162	8.862308016017221E-5	1.2012164123329395E-6	7.82259917929017E-7	4.000004823353868E-6	2.0816544798957035E-6	1.3889395875188683E-6	3.2318535066839247E-7	0.16408121070321982	2.407710930029259E-6	0.004615571663946172
102	102	3.2928830389694795E-6	1.436344396248593E-4	4.3379320451123494E-7	0.03993249510828425	0.10147064031207295	1.2891525245466245E-6	9.805086858190464E-7	6.385299403359331E-7	3.265056514670299E-6	1.6991778312850284E-6	1.1337401950704508E-6	2.6380429055609864E-7	3.061057434958166E-6	0.8584353332790705	1.8391572867102185E-6
103	103	2.210673117275769E-6	1.0293365170288553E-6	2.912265526351679E-7	1.380988649964093E-6	0.05481396724404066	8.654710162360638E-7	6.582633416806424E-7	4.2867631706655083E-7	2.191991813236901E-6	1.1407410189304236E-6	7.611351334244769E-7	1.7710469714614684E-7	2.0550372733605796E-6	0.9446469102878285	5.259318226827969E-4
104	104	2.2453747435038475E-6	1.045494333757936E-6	2.957980267704717E-7	1.402666460030978E-6	0.3387105048419381	8.79056585030454E-7	6.685963069047354E-7	4.354053830742853E-7	2.226400193202046E-6	0.01613450735991063	7.730829092863843E-7	1.7988476488007585E-7	2.0872958351477735E-6	0.6451414946448262	1.2540977836256711E-6
105	105	6.707568837777446E-5	1.3833477893149834E-6	0.7861806354374148	1.8559407583354565E-6	0.09276889130448365	1.163125369808277E-6	8.846544579312572E-7	5.761074495417695E-7	2.9458655929067807E-6	1.5330667285304192E-6	1.0229061019149667E-6	2.380148641589035E-7	2.76180940055346E-6	0.12096737336937538	1.6593618353985878E-6
106	106	2.50483251292336E-6	1.1663034007354495E-6	3.299781102717219E-7	1.5647475166617716E-6	0.18257805475190847	9.806334204363898E-7	7.458540149703953E-7	4.857173899286141E-7	2.4836654134663283E-6	1.292531750041545E-6	8.624142637964065E-7	2.006708274219154E-7	2.328487254563573E-6	0.8174056004007989	1.3990114175368265E-6
107	107	6.083316763874241E-6	2.8325219322456873E-6	8.013954464303648E-7	3.8001961209892646E-6	0.15674343282617217	2.381597849348322E-6	1.8114050377671464E-6	1.1796288675642827E-6	6.031909665672983E-6	3.1390841592401592E-6	2.0944870051347276E-6	4.873556224529906E-7	5.655039000440942E-6	0.843216871552254	3.3976841027269277E-6
108	108	0.9444581325875114	1.941217750279131E-6	5.492218958283978E-7	2.6043957791202707E-6	0.05551634354424521	1.6321850738561413E-6	1.241413728249863E-6	8.084373400215682E-7	4.1338603517189E-6	2.151314635966776E-6	1.4354188420610071E-6	3.3400037409561015E-7	3.875578847671401E-6	2.4882821875456695E-6	2.328541436862083E-6
109	109	0.5776005074040589	1.35231289992493E-6	3.8260512224513265E-7	1.8143034227396447E-6	0.3545765033947528	1.1370310878948038E-6	8.648075665982327E-7	5.631826947466155E-7	2.8797762019813807E-6	0.036097432206302106	0.01698363535261833	2.3267508985238732E-7	6.536640051452722E-5	0.014665706412993121	1.6221346742917108E-6
110	110	0.7325950967374073	1.2035767622910774E-6	3.40523731078319E-7	1.6147545730546686E-6	0.23046663867707626	1.0119730392786302E-6	7.696904252476678E-7	5.01240211758036E-7	2.563039750264937E-6	1.3338391861778431E-6	8.899757702148427E-7	2.0708397540677724E-7	2.4029023229431137E-6	1.542762844880304E-6	0.036923883222923934
111	111	0.025187082384084108	2.470046324172196E-6	6.988415002648466E-7	3.313888006629136E-6	0.0842612164318387	2.076826642177251E-6	1.5796009570794204E-6	1.028672687418342E-6	5.260010920947027E-6	2.737378023636706E-6	1.82645714730894E-6	4.249891060332476E-7	0.017861100899717937	0.8726662206879082	2.9628851353624784E-6
112	112	0.07790981600103258	1.4259447486405338E-6	4.0343752167024544E-7	1.9130901126801044E-6	0.07011912516385185	1.198941094856548E-6	9.118953226311785E-7	5.93847330853489E-7	3.0365766330434965E-6	1.5802739323753053E-6	1.0544041026011904E-6	2.4534397515019934E-7	0.023857247217391173	0.8280997374049482	1.710458001637337E-6
113	113	1.0936485055172315E-4	2.255506099131136E-6	6.381423905892015E-7	0.030314050003575815	2.2431321010432426E-4	1.8964402053628319E-6	1.4424019331216548E-6	9.39325508908933E-7	0.06428507807005175	2.499618232872341E-6	1.6678169940547958E-6	3.880759285126079E-7	1.0902381767337217E-4	0.9049437371822233	2.7055385271264936E-6
114	114	2.74080659915119E-6	1.276177964337211E-6	3.6106453327398436E-7	0.011829399647156095	8.640793815612099E-6	1.0730164736417635E-6	8.161190800930877E-7	5.31475625923245E-7	0.06357653789683677	1.4142979747543282E-6	9.43660182155911E-7	2.1957553058636123E-7	2.547848289424748E-6	0.9245719668111094	1.5308088288097513E-6
115	115	0.0227589275851376	1.1315065854116414E-6	3.2013316996135E-7	0.011956544391400802	0.4805158247247419	9.513760933894465E-7	7.236013623578077E-7	4.712259477307689E-7	0.05437680562843954	1.2539688953178145E-6	8.366840208330248E-7	1.9468378689860647E-7	2.2590165311396357E-6	0.4303823982021593	1.3572717279318486E-6
116	116	2.8224275223986713E-6	1.3141824056974855E-6	0.8060671292564868	0.0057263230738300915	0.18818858083617965	1.104970787844568E-6	8.404230177797938E-7	5.473029124179662E-7	2.7985765847536822E-6	1.4564156150439573E-6	9.717622800285977E-7	2.261144660714716E-7	2.623722935137353E-6	1.6845388266271326E-6	1.5763961496960709E-6
117	117	0.4285707355729844	1.0050310799243974E-6	2.843499009851773E-7	0.05244301517114864	0.5189743831052723	8.45034889660495E-7	6.427199523374074E-7	4.185541023289389E-7	2.1402329197470453E-6	1.1138050182839886E-6	7.431626610528171E-7	1.7292277315318987E-7	2.0065122493585584E-6	1.2882639949825678E-6	1.2055610529018177E-6
118	118	0.07617489104479593	2.5326637171412244E-6	7.165576185485047E-7	3.39789737339111E-6	0.8158166227279626	2.1294756426065625E-6	1.6196449404232733E-6	1.0547502557919507E-6	0.10798057915865598	2.806772461195802E-6	1.8727591068369515E-6	4.357628755774114E-7	5.056381711431373E-6	3.246406547384774E-6	3.0379963351110353E-6
119	119	0.085387006502537	1.1895118498826288E-6	3.365443949855403E-7	1.5958846660053474E-6	0.7975726979361731	1.0001471943445093E-6	7.606958777024635E-7	4.953827543071716E-7	0.11702718849596846	1.318252036352155E-6	8.795755766867742E-7	2.0466400680440467E-7	2.374822177366093E-6	1.524734228044145E-6	1.4268505589812846E-6
120	120	3.6339585566451556E-6	1.6920485505038673E-6	4.787253323888055E-7	0.9747169135843905	0.020554875184072646	1.4226824311570487E-6	1.0820693861668753E-6	7.046686180156768E-7	3.6032497720081076E-6	1.8751779963592015E-6	1.2511725543031043E-6	2.9112903422347305E-7	0.0047079777994873725	2.1688933495873072E-6	2.029656468195873E-6
121	121	3.18343204538028E-5	6.565409597600916E-7	1.8575281961881087E-7	0.9541978389305287	0.045762575134111395	5.520227469285814E-7	4.1985962702397635E-7	2.7342230259708634E-7	1.3981165391885883E-6	7.27598011938879E-7	4.854742669074305E-7	1.1296255978363587E-7	1.3107629249270034E-6	8.415641034243928E-7	7.875380438792854E-7
122	122	5.14923910087274E-6	2.3975954653905344E-6	6.783432341590798E-7	0.6606349291542014	0.3236657760136391	2.0159096171425875E-6	1.5332684471370847E-6	9.9849988503834E-7	5.1057254305519235E-6	0.015668494868905574	1.7728839055622352E-6	4.1252341848575656E-7	4.78672228790629E-6	3.073274025345013E-6	2.875978436314892E-6
123	123	1.909861306966932E-6	8.892721272804465E-7	2.5159862853205935E-7	0.6061460607257676	0.3820969323189509	7.477042142926705E-7	5.686918053356798E-7	3.7034526035554265E-7	1.8937220146090072E-6	0.011704374083253997	6.575655755437431E-7	1.5300561883990578E-7	1.7754032208989836E-6	1.1398824237387093E-6	4.227581983115426E-5
124	124	3.841811696494684E-6	1.7888294021613382E-6	5.061071976223992E-7	0.9999629260534773	1.211187347480051E-5	1.5040562293760766E-6	1.1439609889311826E-6	7.449738616019448E-7	3.8093464478781277E-6	1.982433384180639E-6	1.3227364260016139E-6	3.077808707597086E-7	3.5713404084174933E-6	2.2929485047805653E-6	2.145747629708701E-6
125	125	1.1075944962884462E-6	5.15719602405451E-7	1.4591072933897347E-7	0.9999893115794399	3.491853703467849E-6	4.33619483038502E-7	3.2980400795409445E-7	2.1477600001632629E-7	1.0982347635558026E-6	5.715356397036241E-7	3.813449750325795E-7	8.873323979604645E-8	1.0296176109685131E-6	6.610571638596941E-7	6.186191445191839E-7
126	126	2.4161092565480325E-4	1.711507447525177E-6	4.842307695357906E-7	2.2962095682601993E-6	0.015080816142739034	1.4390435638879434E-6	0.010073683624272356	7.127724481735245E-7	3.6446878656341354E-6	0.16338405082477384	0.061388540929908496	2.944770763911644E-7	0.37538581273146576	0.37443284889452244	2.052997923848252E-6
127	127	0.02344605625588943	2.779260360973952E-6	7.863263378028264E-7	3.7287388043695932E-6	0.1003475433490887	2.336815268091092E-6	1.7773441263854204E-6	1.15744761407116E-6	5.918488130289424E-6	3.0800581186040707E-6	2.0551031374824605E-6	4.78191588831764E-7	0.6212966545660138	3.56249784433963E-6	0.2548820855576768
128	128	0.02154076609364791	1.85160624544518E-6	5.23868428621609E-7	2.4841703047155575E-6	0.13206480376220722	3.4477260755348183E-4	1.1841069411601613E-6	7.711178344726043E-7	3.9430309371219694E-6	2.0520045292708293E-6	1.3691562898637594E-6	3.1858207486900016E-7	0.6244847870161463	2.3734168092307325E-6	0.22154799946005033
129	129	0.5893261454117498	2.3398814434495754E-6	6.620144093573607E-7	3.13925491052493E-6	1.584295738590435E-5	1.967383394285469E-6	1.4963601821370772E-6	9.744643689952858E-7	4.98282231625387E-6	2.593125472398094E-6	1.7302077068033567E-6	4.0259330893670117E-7	0.38493382999623765	1.1143004419435923E-4	0.025592463482919124
130	130	0.6079958311033878	1.7577927547806327E-6	4.973261083746126E-7	2.358307320474787E-6	1.1901729374025495E-5	1.4779604693357413E-6	1.1241129733586288E-6	7.320483746760001E-7	3.7432533132779883E-6	1.948037658223646E-6	1.2997866108980472E-6	3.0244079397834875E-7	0.3720157976290172	0.00244595113933006	0.0175152773325135
131	131	0.12394760953985107	2.240053379928852E-6	6.337704072118799E-7	3.005322595495492E-6	4.3038579371691856E-4	1.883447485906794E-6	1.4325198795736965E-6	9.328900870165677E-7	0.13297857682714329	2.482493074718096E-6	2.092657685685182E-4	3.8541717784251175E-7	0.7424156078198417	2.871334204329708E-6	2.6870025864935904E-6
132	132	4.330767372941835E-6	2.016497585685377E-6	5.705205543191945E-7	2.705393457282189E-6	1.365337778468557E-5	1.6954807158286883E-6	1.289555375996627E-6	8.397882947943317E-7	0.5544137880891272	2.234741964858313E-6	1.4910839492618032E-6	3.4695280727005775E-7	0.3959307114843651	2.584777015854238E-6	0.0496217414896289
133	133	5.170337888227325E-7	0.9158783253034578	6.81122716597275E-8	3.2298660006867744E-7	0.023953665392020013	2.0241697207239E-7	1.5395509491320216E-7	1.0025911956835246E-7	5.126645922500308E-7	0.04133342517460464	1.7801482216670134E-7	4.1421371557915476E-8	4.80633567809842E-7	3.085866634441789E-7	0.018831698045053163
134	134	0.024447009551311467	0.16811819583644322	6.066298943538665E-7	0.0071567511638852095	0.32869530893258414	1.802790941948665E-6	1.371173808869686E-6	8.929401065288834E-7	0.10194727816411746	0.3554108377491094	1.5854575120309592E-6	3.6891211583282914E-7	4.280677818528844E-6	2.748372510306953E-6	0.014210961647840721
135	135	1.1992814627772262E-6	0.19177440891185382	1.579892582555454E-7	0.007556809678307801	0.37822083649257165	4.6951461897810806E-7	3.5710527130135966E-7	2.325552143245227E-7	0.27569388962405894	0.1467486293980847	4.129128133196444E-7	9.607860094661526E-8	1.1148496301862604E-6	7.157796514064247E-7	6.698286015568586E-7
136	136	0.021659772784563762	2.596037619330395E-6	0.5850249664321443	3.482921695543596E-6	0.10624344549791605	0.24722093592660122	1.6601727133529652E-6	1.0811428791363608E-6	5.5283117953034985E-6	2.877005284534804E-6	1.9196204614089393E-6	4.466668079343239E-7	5.182905670314105E-6	0.0398229905588604	3.114014987445071E-6
137	137	0.10741755609489172	1.3846792563841093E-6	3.917624213956334E-7	0.024449262650874465	0.13790300583530882	0.5940538539675931	8.855059345356144E-7	5.766619508054921E-7	2.948700977513112E-6	0.13616267167684376	1.0238906452091603E-6	2.3824395257472915E-7	2.7644676317636027E-6	1.7749027529905552E-6	1.660958964953905E-6
138	138	0.05277422133376229	1.9235679191315593E-6	0.7014327053401975	2.580716237896051E-6	0.06116214889894541	0.08076124855194923	1.2301266159798784E-6	8.010869113832967E-7	0.02835019199633862	0.07550258167982273	1.4223678073768368E-6	3.309635946281003E-7	3.8403415270510505E-6	2.465658367806036E-6	2.30737000301607E-6
139	139	0.14089187533748565	1.2465430830617755E-6	3.526800407695222E-7	1.672399473758592E-6	0.08365237575378844	0.2557851274460869	7.971674975387399E-7	5.191339169177904E-7	0.06077159118432497	0.41435079454387586	9.21746892439245E-7	2.1447663767192583E-7	2.4886832014237676E-6	0.044538527642680646	1.4952610140339914E-6
140	140	0.009830438156252529	2.1417847150018424E-6	0.7497418445719697	2.8734824162477557E-6	0.10343393120079045	0.11771335880323854	1.3696768164090237E-6	8.919652304054848E-7	0.005264858250603333	0.013996749368993549	1.5837265732346829E-6	3.6850935241036855E-7	4.276004346515734E-6	2.745371947650048E-6	2.5691267540710016E-6
141	141	0.05395796727536652	1.816383498082647E-6	5.139029808608137E-7	2.4369144136405814E-6	0.2807249522067021	0.366906012314911	1.161581903916793E-6	7.56449009101559E-7	3.868023422493767E-6	0.2813880404207655	1.3431110946629302E-6	3.125217496973034E-7	3.626351275335426E-6	0.017005013743419017	2.1787994880583445E-6
142	142	0.06269860524603206	2.9474248550678795E-6	0.4821440393521353	3.954353318018639E-6	0.049736706332058456	2.4782087707897E-6	1.8848857515031467E-6	1.2274812083301342E-6	0.05518640549305943	3.2664229596128624E-6	2.179451105840658E-6	5.071254907234475E-7	0.35020848465646365	3.778053628934831E-6	3.535513162331172E-6
143	143	0.16350280704470316	1.1764769750206512E-6	3.3285648378518586E-7	1.5783966881280517E-6	0.0014799589222633494	9.891874098554981E-7	7.523600418090657E-7	4.899542651232994E-7	0.07943561919768971	0.0742551823839431	8.699370366630703E-7	2.0242126351629907E-7	0.6812626033542125	1.5080259288689076E-6	5.592948109548608E-5
144	144	0.07565202937797537	3.9162322671274343E-4	4.7614922716238515E-7	2.257887106963691E-6	0.20020673641990486	1.4150267267301447E-6	1.0762465804524913E-6	7.008766722234907E-7	0.045236656731335256	1.8650873336972013E-6	1.244439774693948E-6	2.895624176776482E-7	0.6756918829712629	2.157222152941957E-6	0.002809588774816303
145	145	0.30916838379822276	1.937731516901991E-6	5.482355481070162E-7	2.5997185441778504E-6	0.026233263219952768	0.11466985804907331	1.239184273067083E-6	8.06985467227955E-7	0.021195748985823902	2.1474510895472368E-6	1.4328409730524173E-6	3.334005427516087E-7	0.5218026763940631	0.006916699645300569	2.3243596087925244E-6
146	146	0.1286333836905764	0.019764616128055922	2.2639069726281555E-7	1.0735387297224462E-6	0.41018802962345463	6.727909424931308E-7	0.4371034431481564	3.332399791248735E-7	0.0042288616214967295	8.867775013478189E-7	5.916833887844647E-7	1.3767582492955068E-7	1.5975237045091995E-6	1.0256764045713071E-6	7.512049108724343E-5
147	147	0.18625562465718729	2.5470122801424625E-6	0.5545021312234857	3.417147834557299E-6	1.7245406654528094E-5	2.141539982301858E-6	0.04024960264309292	1.0607258420466018E-6	0.218949680334268	2.822673960955536E-6	1.8833690436590906E-6	4.382316482895189E-7	5.085028156300364E-6	3.2647987518284654E-6	3.0552078115170205E-6
148	148	0.47886098798631693	1.5773939884652055E-6	4.462865212769692E-7	2.11627894139014E-6	8.377714936173944E-5	1.3262803326381639E-6	0.1311367948687404	6.569197092997198E-7	0.3899020676585236	1.7481144367154334E-6	1.1663921021076292E-6	2.7140189819910125E-7	3.149216400509799E-6	2.021927402876471E-6	1.8921253238438755E-6
149	149	5.688338675923371E-6	0.39300778595678815	0.49941920778120796	3.5534566767077662E-6	0.10373103171363261	2.226965269570507E-6	1.6937939834537118E-6	1.103037828056181E-6	5.640269341994922E-6	2.93526944643472E-6	1.958495981711644E-6	4.5571255677347216E-7	0.0038101470991771086	3.395030441899224E-6	3.1770789916589533E-6
150	150	1.9838474056437453E-6	0.8118074998056422	2.613453053664553E-7	1.2392925616388021E-6	0.14220617241566455	7.766695206099028E-7	5.907223516757597E-7	3.846920618102881E-7	1.9670828933954486E-6	1.0236954949293031E-6	6.830390020073209E-7	1.5893290202654408E-7	0.045974966390632255	1.1840403179140884E-6	1.1080282441348728E-6
151	151	5.369371693012724E-6	0.11805878354864886	0.7503937867700952	3.3542007217361356E-6	0.10637185237310895	2.1020907792226908E-6	1.5988164535711862E-6	1.0411862632855087E-6	5.3239977911404875E-6	2.7706776222309494E-6	1.8486755947903632E-6	0.010427383555401177	0.014718581149794787	3.2046580539951906E-6	2.9989279781253294E-6
152	152	3.5795087202821163E-6	0.5658262251770257	4.7155229626164713E-7	2.2360885815849246E-6	0.32532565024355453	1.4013655051752106E-6	1.0658560749549188E-6	6.941101346584685E-7	3.5492600642547736E-6	7.908221051883775E-5	1.2324254663047691E-6	2.8676686882535355E-7	0.1087503897948253	2.1363954864077836E-6	1.999244876857177E-6
153	153	3.0074089442598045E-6	0.6115334439933727	3.961858188605715E-7	1.8787027287604175E-6	0.28079249838096354	1.1773903861614079E-6	8.955042000457635E-7	5.831730526162072E-7	6.787291626328996E-5	1.5518688478209065E-6	1.0354514153010375E-6	2.4093396988701145E-7	0.10759194343393427	1.7949432160602927E-6	1.6797128863963184E-6
154	154	0.7498717831957717	0.1034657693570015	7.379500451012758E-7	0.006651249175575134	1.7660206412749913E-5	2.1930499457765626E-6	0.0953666610986727	1.0862392341999287E-6	0.044605912361276465	2.8905670817150837E-6	1.9286692815486462E-6	4.487723322755305E-7	5.207337156722266E-6	3.3433261974277706E-6	3.128694014940465E-6
155	155	0.7421853688146857	0.10078949299809165	7.2223686331719E-7	0.015736597427655517	1.7284167363020014E-5	2.1463532991833128E-6	0.09854097665733523	1.063109925297119E-6	0.04270976172924558	2.8290181919012066E-6	1.887602096549427E-6	4.392166160268163E-7	5.096457245679814E-6	3.272136700723465E-6	3.062074684634991E-6
156	156	0.6996521062568533	0.0987574232401463	5.608768988520809E-7	0.018375764933810705	1.3422591233138849E-5	1.6668215698070372E-6	0.13384933965192708	8.255931375489007E-7	0.04933600923553295	2.1969675474357692E-6	1.4658797742844738E-6	3.4108817485439836E-7	3.957822260636579E-6	2.5410858660586667E-6	2.3779552670344297E-6
157	157	0.019849063060396684	0.316494083801292	0.44675283585571207	2.946295610686765E-6	0.20212190742786376	1.8464550424648527E-6	1.4043840217804153E-6	9.145673654967303E-7	4.676545211410048E-6	2.433734887750485E-6	1.6238577361271793E-6	3.7784727039376366E-7	0.014760437001062648	2.81493886071043E-6	2.6342276660601926E-6
158	158	0.027404393849642304	0.683208090336941	4.27865189092919E-7	2.028925468867801E-6	0.23365581653788772	1.2715355679816089E-6	9.671095118650029E-7	6.298040882663217E-7	3.2204377766187274E-6	1.6759576602967172E-6	1.1182470308464636E-6	2.601992642772834E-7	0.011426003350222213	1.938468471081159E-6	0.04429215737527756
159	159	3.114314960232105E-6	1.45009141742609E-6	4.1026925355938386E-7	1.945486005544712E-6	9.818333572524129E-6	1.2192437282779997E-6	9.273371792274215E-7	6.039034251172932E-7	3.0879974263596228E-6	1.6070339812985852E-6	1.0722591749354556E-6	2.4949858192029446E-7	2.895060908936307E-6	0.9999698597478226	1.7394225620640417E-6
160	160	2.3820142701078706E-6	1.1091166093915125E-6	3.1379845296447556E-7	1.4880240074232204E-6	7.509648502824724E-6	9.325504955610749E-7	7.092829152889116E-7	0.006219470873244119	2.3618850468151735E-6	1.229155665012187E-6	8.201279217308166E-7	1.908314316614676E-7	2.2143156636295364E-6	0.9937579379614071	1.330414366399006E-6
161	161	0.07862528093594492	0.09714024572027476	6.46042803031823E-7	3.06351797356749E-6	0.17587961468422159	1.9199187581373973E-6	1.4602593429219565E-6	0.184965175446378	0.03407721975110888	2.5305643277878574E-6	1.6884651163644267E-6	3.9288043600108876E-7	4.5587946167804894E-6	0.4246376139403006	0.004658589078396706
162	162	0.04724699926220749	0.029712231733747492	4.4789075248670455E-7	2.123886163576841E-6	0.21818224741946643	1.3310478086900695E-6	1.012373565432071E-6	0.20694816519963127	0.03895733275441113	1.7543982467878136E-6	1.1705848404579512E-6	2.723774853493172E-7	3.1605366420923874E-6	0.4351713326725332	0.02377041786249808
163	163	0.45362334582269676	0.03608178393630566	7.128763034852199E-7	3.3804406742222435E-6	1.70601556973675E-5	2.1185354606070948E-6	1.6113240138682936E-6	1.049331475914185E-6	0.2825678885201162	2.7923526665091678E-6	0.21087290293448527	4.335241436229135E-7	5.030404548286118E-6	0.016816867452784552	3.0223886276760034E-6
164	164	0.5033640684528616	1.895020506795285E-6	5.361514725620765E-7	2.542416175894914E-6	1.884624179276314E-4	1.5933422128443926E-6	1.211870472600206E-6	0.017212680286935893	0.035130343827024166	2.100117491270449E-6	0.3382677506170073	3.260518085091004E-7	3.7833475358358407E-6	0.10582043295393129	2.2731266356603757E-6
165	165	0.16283817513775642	0.3563040300180784	7.959625942619682E-7	3.7744336789536733E-6	0.010187908721363615	0.1636167185283891	1.7991250880480499E-6	1.1716318802097922E-6	0.05202362199583741	3.117803553944395E-6	2.080287974783095E-6	4.840517216609188E-7	0.06714616796438107	0.18786677968731577	3.3746503863173217E-6
166	166	5.626189727765318E-6	0.08194519337436687	7.411750864857034E-7	3.514632758624733E-6	1.7737386293578888E-5	0.7844657748605256	1.6752881383440237E-6	1.090986393586853E-6	0.02671278785168083	2.9031996420420033E-6	1.937098088201832E-6	4.507335888041835E-7	5.230094629188836E-6	0.10671079835634334	1.245387727366612E-4
167	167	3.4303457018345346E-6	1.5972420659290056E-6	4.5190206787479413E-7	2.1429077156031006E-6	0.529599846031745	1.3429686901274239E-6	1.0214403962138325E-6	6.651856171027313E-7	0.38807262448079155	1.7701106602393198E-6	1.1810686134707303E-6	2.748169016406444E-7	0.08230968819645386	2.047368967895696E-6	1.9159336116105937E-6
168	168	0.030086001573282964	1.7982203838631953E-6	5.087641549746808E-7	0.015668457541972172	0.5638231352516254	1.5119522112464377E-6	1.149966545806372E-6	5.007290442575505E-4	0.36065618435293584	1.9928407464553742E-6	0.029250169007661468	3.0939665621247107E-7	3.5900892015589908E-6	2.304986006750109E-6	2.1570123577498716E-6
169	169	0.017577076044084285	6.411931758568133E-5	3.832054763859853E-7	0.005650656597043019	0.6403365043896901	1.1388152284674398E-6	8.661645552360254E-7	5.640663971415642E-7	0.33635989090791535	1.5010245516310772E-6	1.0015266422613126E-6	2.3304018547067504E-7	2.704085634374261E-6	1.736135009007588E-6	1.6246800016072916E-6
170	170	0.006733505959599013	0.04167528275539023	4.150665903706562E-7	0.08865230376997761	9.933140745287327E-6	0.79771828654437	9.381806649329016E-7	6.109649538734306E-7	0.0025185093932431363	1.6258252585112057E-6	1.084797254176136E-6	2.5241600437158043E-7	2.9289132684509966E-6	0.04894991850919514	0.013734403763484924
171	171	9.178351263548636E-7	4.273635956333027E-7	1.209124757735256E-7	0.6538740757685	0.10787607916843532	3.5932933428095235E-7	2.7330011509379544E-7	1.7797935776455823E-7	9.100789561101566E-7	4.7361691290588596E-7	0.23305551110116185	7.353095797513874E-8	0.005189539580164266	5.478011018943696E-7	5.126338046802965E-7
172	172	2.9287291012250317E-6	1.3636786862867358E-6	3.858208041192109E-7	1.8295521015768403E-6	0.04430769794675153	1.1465874948716665E-6	0.013713806227009524	5.679160772289622E-7	0.006006262248729647	1.5112688497427753E-6	0.016368058800214302	2.3463065454686225E-7	0.9194644363515168	1.2813447377644E-4	1.6357682321458883E-6
173	173	2.4597650132640356E-6	1.1453190124204125E-6	3.2404107124993947E-7	0.005786645939546808	1.669779620867252E-4	9.629896474042922E-7	0.004246684247518586	4.769782553987817E-7	0.003929944405850146	1.2692762333935761E-6	0.013853264687669021	1.970603135852363E-7	0.9720068054005043	1.4680871825189733E-6	1.3738400951997307E-6
174	174	2.4584602003209203E-6	1.1447114637060663E-6	3.2386917963363145E-7	1.5357791283115881E-6	0.1930430314401203	9.624788175692292E-7	7.320459158821151E-7	4.767252363510788E-7	2.437684970319369E-6	1.2686029300297222E-6	8.464482686141996E-7	1.9695578049107736E-7	0.8069417443782465	1.467308417414566E-6	1.3731113246349325E-6
175	175	3.0264587448360092E-6	1.4091836911555521E-6	3.986953747541322E-7	1.8906029767772918E-6	0.1327031227768638	1.1848483183789486E-6	1.315050953066891E-4	5.868670398855341E-7	3.000883640343381E-6	1.561698835235102E-6	1.0420102649066034E-6	2.4246011553712044E-7	0.8671475317532457	1.806312907028601E-6	1.6903526750330469E-6
176	176	3.6612308805516653E-6	1.7047471257395416E-6	4.823180955212536E-7	2.287139718408748E-6	0.03682482031906028	1.4333594533282745E-6	0.009480904203813074	7.099570522390483E-7	3.6302916310074526E-6	1.8892509311221892E-6	1.2605624201015164E-6	2.9331391475971717E-7	0.9483007986388498	0.005374079778312939	2.0448887411447095E-6
177	177	2.917666492427276E-6	1.3585276998653843E-6	3.843634536868268E-7	1.822641384171673E-6	0.021854426113462295	1.1422565211046295E-6	0.004848368886291902	0.0029594294709578963	2.893010737398139E-6	1.5055603750101875E-6	1.0045530737436185E-6	2.3374439055538298E-7	0.9632072784448842	0.007115605170786488	1.629589489281464E-6
178	178	1.8535664233113591E-6	0.05275352792357551	2.4418253215404144E-7	9.610244399137595E-4	0.10551117336643938	7.256649585630312E-7	5.519291017296822E-7	3.5942899996110706E-7	0.03619680507609524	9.564685225778935E-7	6.381832374461496E-7	1.4849564029862602E-7	0.8045698497281314	1.1062833617590144E-6	1.0352630668902663E-6
179	179	1.866330348098029E-6	0.05082141505841544	2.458640081645233E-7	0.0025381661987872103	0.057269605345841204	7.306619917607267E-7	0.004228889593314124	3.619040797122042E-7	0.0337479817746695	9.630549022886305E-7	6.425778589393055E-7	1.4951820261961042E-7	0.8513868258241558	1.113901387983837E-6	1.0423920371575405E-6
180	180	4.135609012205413E-6	1.9256276937327214E-6	5.448110560803788E-7	2.5834796930913447E-6	1.303811249853276E-5	1.6190768805110284E-6	1.2314438471182268E-6	8.019447227748152E-7	0.050064439912157976	2.1340372765262814E-6	1.4238908921891827E-6	3.3131799355487795E-7	0.9346419787075194	2.468298617952983E-6	0.01526134373013838
181	181	1.9525056525087374E-6	9.091282433963695E-7	2.5721644947739524E-7	1.2197136356496175E-6	2.1680182246097031E-4	7.643993307186891E-7	5.813898424994578E-7	0.0021910997467749957	0.04786076689534588	1.0075226726667547E-6	6.722480310276004E-7	1.5642200538894209E-7	0.9410850583607626	1.1653342928234551E-6	0.008637587294499436
182	182	3.246291543637662E-6	0.03439375185335725	4.2765539948634577E-7	2.027930652073328E-6	0.0916995268059583	1.2709121123854287E-6	9.666353215611889E-7	0.0012614448223618382	0.0160435916310018	1.675135909644526E-6	1.1176987352369277E-6	2.600716841359798E-7	0.856586941903181	1.9375180068969503E-6	1.8131347747885519E-6
183	183	3.825954102706234E-6	0.0166774240765068	5.040181721866577E-7	2.3900409109927065E-6	0.07075971403129167	1.4978480352727075E-6	1.139239136298776E-6	7.41898881927362E-7	0.0021501634664191343	1.974250624117807E-6	1.3172766537405588E-6	3.0651046387620206E-7	0.9103945810139813	2.2834840518507617E-6	2.136890768161974E-6
184	184	1.285504043854085E-6	0.6908546710244756	1.6934792763551396E-7	8.030434170354009E-7	0.10670962212883948	5.032704665902798E-7	3.827794263378698E-7	2.4927481805750154E-7	0.01323198859947039	0.15863054411356925	4.4259926277220323E-7	1.029861912137797E-7	0.030567750101255838	7.672407728713034E-7	7.1798606308519E-7
185	185	2.6312582155880546E-6	5.121975584132988E-4	3.4663300206182495E-7	1.6437245753138578E-6	0.027033057307758356	1.0301286535889096E-6	7.834992936233242E-7	5.102328663133082E-7	0.007042673042240437	0.9626733377241233	9.059426549067833E-7	2.1079922931315098E-7	0.0027276320843917378	1.5704412573445754E-6	1.4696233249539814E-6
186	186	2.8325409828264197E-7	5.135213421870313E-4	3.7314930876931885E-8	1.7694642040347654E-7	8.929999881952348E-7	1.1089301732487987E-7	8.43434462667371E-8	5.492640349987247E-8	0.00905182585992818	0.9904200777698599	9.752443461884029E-8	2.2692469049233178E-8	2.633124387563432E-7	1.2392615900625633E-5	1.582044769528426E-7
187	187	2.556244640730183E-7	1.1902419831319877E-7	3.3675096901226274E-8	1.5968642346047754E-7	0.17346686766185682	0.8138785931913224	7.611627997873639E-8	4.9568682477113076E-8	0.012653072087410221	1.3190611915050613E-7	8.801154682178476E-8	2.0478963144305763E-8	2.376279864931947E-7	1.5256701238542126E-7	1.4277263729003148E-7
188	188	1.9668406969277486E-6	9.158029455847701E-7	2.5910489944107205E-7	1.2286686156892633E-6	0.18673586508942966	0.7981003308090894	5.856583316617213E-7	3.8139425482072244E-7	0.015152516167191063	1.0149197740514712E-6	6.771835892796297E-7	1.5757043555736707E-7	1.8283711469427594E-6	1.1738900267488128E-6	1.0985295732474393E-6
189	189	3.3998534315724554E-7	7.494174801463488E-6	4.4788511996827215E-8	2.123859454322635E-7	0.21910151249176713	0.6836739090337458	1.0123608341739771E-7	6.592727962461344E-8	0.02041606437972064	0.07679940244540692	1.1705701195898513E-7	2.723740600247302E-8	3.1604968962820666E-7	2.0291699485193448E-7	1.8989029183314329E-7
190	190	3.588933238876223E-6	1.6710838029759724E-6	4.7279385026570087E-7	2.2419759980048953E-6	0.3047317432327723	0.6122300476160575	1.0686623763728024E-6	6.959376630657553E-7	0.005037059966749351	0.07798240381103239	1.2356703296730932E-6	2.875218997244556E-7	3.336265103988827E-6	2.142020420039578E-6	2.004508705496384E-6
191	191	2.8239753324435343E-6	1.3149030990411332E-6	3.720208991403278E-7	0.0011594905589611335	0.052411257903597304	0.9187484396529825	6.177385472648758E-5	5.476030515495118E-7	0.00743662255177797	0.020170270556876122	9.722951912925046E-7	2.262384665069467E-7	2.625161776234853E-6	1.6854626222236975E-6	1.577260640201432E-6
192	192	8.597409292875775E-7	4.003136993815591E-7	1.1325934397045615E-7	5.370728290751718E-7	0.056971746777462764	0.9253622508384713	2.5600163708955274E-7	1.6671418868681075E-7	0.0032472156654332154	0.014414296201906875	2.960089494055009E-7	6.887683019064331E-8	7.992134347283674E-7	5.1312813694312E-7	4.801867470145872E-7
193	193	1.1914345669465228E-4	1.2564135435600798E-6	3.5547265536765194E-7	1.181307394886012E-4	0.16180896996213223	1.0563984550906723E-6	8.034796823335579E-7	5.232445576889711E-7	0.00768805199234037	1.3923944620324122E-6	9.290455300995732E-7	2.1617492087506237E-7	0.8302560536348198	1.610489827935142E-6	1.507100889425563E-6
194	194	4.966056487143006E-6	2.3123017364700116E-6	6.542113800725061E-7	3.1022531509662092E-6	0.059271098033901855	1.944194246099029E-6	1.4787228888140507E-6	9.629785555434324E-7	4.9240908023995136E-6	2.5625608295226214E-6	1.7098141002379447E-6	3.978480234336725E-7	0.9406981493242813	2.9639432373116935E-6	2.7736663788100807E-6
195	195	0.00268600300928305	5.0770604061958646E-5	3.0342764471828663E-7	1.4388459075921837E-6	0.29451845653069125	9.017303870551631E-7	6.858416362218286E-7	4.4663594049736284E-7	0.0042763241194395995	0.004026738111224528	7.930232966656999E-7	1.8452459309546982E-7	0.6944342924539064	1.3746968380105323E-6	1.286445149369561E-6
196	196	6.397371280622279E-6	2.9787524083393086E-6	8.427679196093678E-7	3.9963833002287975E-6	0.27416007155738936	2.504549125880059E-6	1.9049198021386508E-6	1.2405278455930051E-6	0.010359058676895268	0.006905111385497428	2.202616029113698E-6	5.125156199403542E-7	0.708545786675746	3.818209759164671E-6	3.5730913814142907E-6
197	197	2.2761416460367873E-6	1.0598200592781563E-6	2.998511537976696E-7	1.4218862817497586E-6	0.01606691519840885	8.91101722863601E-7	6.777576451035973E-7	4.413714584575238E-7	0.026621152063776753	1.1745237775043155E-6	7.836759591052218E-7	1.8234960824051627E-7	0.31181644311023093	0.6454850098664056	1.2712818658761806E-6
198	198	1.945538704737618E-6	9.058842840353024E-7	2.562986474894321E-7	1.2153614427715203E-6	4.811252199706984E-5	0.005290106420308772	5.79315322171105E-7	3.7726354029450664E-7	0.02497939041034966	1.0039276214413363E-6	6.69849309715122E-7	1.5586385901922568E-7	0.345152542872713	0.6245216518400205	1.0866318794349726E-6
199	199	0.031213063337189265	0.1084520171616666	2.4060285935213364E-7	1.1409324284054974E-6	0.16934248164330254	7.150268384135239E-7	0.6892486930117884	0.00173431176781887	1.810959519896397E-6	9.424468629368463E-7	6.288275838800776E-7	1.4631872043425364E-7	1.6978116849983248E-6	1.090065443030931E-6	1.020086293143695E-6
200	200	3.933434974071399E-6	1.8314911528663926E-6	5.181773363784554E-7	2.457183295040175E-6	0.30368371239425246	1.539926431322947E-6	0.5859561001798691	7.627407258580018E-7	0.07520031778494844	0.03335664834971451	1.3542823361853318E-6	3.1512112957045403E-7	3.6565132225509746E-6	2.347632980210298E-6	0.0017845047876313852
201	201	1.8710017351429698E-6	0.02394066124911458	2.464794007951621E-7	1.1687988333072252E-6	0.2410993662340538	7.324908239211319E-7	0.6392292855887985	3.628099182906755E-7	0.06774379066950417	0.027775966424485914	6.441862183000553E-7	1.4989244365116835E-7	2.0359248408572067E-4	1.1166894605876352E-6	1.045001123305172E-6
202	202	0.022216986802115674	1.1579174454676562E-6	3.2760550150598846E-7	1.5534966683217584E-6	0.15127034114157048	9.735824695494276E-7	0.8131372928937286	4.82224984520071E-7	2.465807361226782E-6	0.013308519941093356	8.562133323458568E-7	1.9922796394295264E-7	2.3117449643961225E-6	5.514244855571077E-5	1.3889522449757262E-6
203	203	4.3230631104222877E-7	0.9999957594248899	5.695056209956604E-8	2.7005806701664933E-7	1.362908896986975E-6	1.6924645232219953E-7	1.287261308388137E-7	8.382943448942834E-8	4.286531044367884E-7	2.2307664479861097E-7	1.4884313703549862E-7	3.4633559205646695E-8	4.018710752657915E-7	2.580178800579723E-7	2.414538544596933E-7
204	204	0.010984053794395966	0.6453387899193543	5.237336133957462E-7	2.4835310144617186E-6	0.1455843514745844	0.17731266270983598	1.1838022164697687E-6	7.709193907043956E-7	3.942016215529048E-6	2.0514764549701637E-6	1.3688039435409527E-6	3.1850008917940195E-7	3.695721036084219E-6	0.020761583119338192	2.2204785168480254E-6
205	205	5.329239442624705E-6	0.61737897749993	7.020558665658898E-7	3.329130447053614E-6	0.12868960789872322	0.21583663343921866	1.5868664329900631E-6	1.0334041334185982E-6	5.284204678531548E-6	2.749968769419633E-6	1.8348580540987974E-6	4.269438706833521E-7	0.01897815610933334	0.019091371867983865	2.976513115568808E-6
206	206	4.4044389446882595E-6	2.0508006395710436E-6	5.802257964462462E-7	2.751415460088376E-6	0.11491079563320977	1.7243228859210529E-6	1.3114922669036045E-6	0.8842033773111861	4.367219211746581E-6	2.2727576186261503E-6	1.5164490840493045E-6	3.528548926125121E-7	8.594063426387093E-4	2.628747187644523E-6	2.459988977175681E-6
207	207	2.4512732104751177E-7	1.141365048065514E-7	3.2292239005164375E-8	1.602047990841203E-5	0.06011158735589905	9.596651354572441E-8	7.299058745003514E-8	0.9398708469888648	2.430558714166569E-7	1.2648943337403503E-7	8.43973786777669E-8	1.9638000578694478E-8	2.2786986349769893E-7	1.4630189313796718E-7	1.3690972115953886E-7
208	208	2.32653092670501E-6	1.083282382248155E-6	3.0648926613734287E-7	1.4533640358052397E-6	0.2502021569747978	9.10828955083746E-7	6.92761860796247E-7	0.7497817242286406	2.3068705656783355E-6	1.2005254142562354E-6	8.010249970814169E-7	1.863864684268631E-7	2.162738459450181E-6	1.388567694398287E-6	1.2994255356076299E-6
209	209	1.2599229004614208E-6	5.866469537947853E-7	1.6597795486817325E-7	7.870630948419925E-7	0.20427492488950877	4.932555358456509E-7	2.756054322625175E-5	0.7956891606639663	1.249275915800904E-6	6.50139417725071E-7	4.337916707147578E-7	1.0093679701895049E-7	1.1712217884114274E-6	7.519729125161731E-7	7.036983566236445E-7
210	210	2.1724356367583497E-6	1.0115323311869152E-6	2.8618927708976074E-7	1.35710202186647E-6	0.15980265384578152	8.505011724979272E-7	6.468775191878705E-7	0.8401822949689237	2.1540774587364604E-6	1.1210098962484213E-6	7.479699623243251E-7	1.740413598513891E-7	2.0194917885538843E-6	1.296597396895339E-6	1.213359473740514E-6
211	211	6.977712953052715E-7	3.248971859201581E-7	9.192201563926681E-8	4.3589177954757653E-7	0.13028025222955172	2.7317509193417066E-7	2.077725833760981E-7	0.8696998576090245	6.918747755460518E-7	1.5415885469608386E-5	2.402427766464292E-7	5.590088058093437E-8	6.486467894902928E-7	4.1645811264223017E-7	3.8972266765342955E-7
212	212	0.04172281898215143	1.7481098889010003E-6	4.945865692607243E-7	2.3453164980783422E-6	0.20593389882898175	1.4698190698669727E-6	1.1179207558034115E-6	7.28015859346697E-7	0.03005765074012414	0.021063989349223895	0.701205609853753	3.007747877687673E-7	3.4900452089188547E-6	2.2407536185980856E-6	2.09690350910352E-6
213	213	0.06123871295568949	9.493224602998822E-7	2.6858845759235853E-7	1.273639398915228E-6	0.181296897589067	7.981948185643036E-7	6.070941472602702E-7	3.953537538574495E-7	0.018258644992858244	0.00945930274031482	0.7297377353065923	1.633377073911121E-7	1.895291780753891E-6	1.2168558462138342E-6	1.138737107382352E-6
214	214	3.089814826987838E-6	0.030735845278068365	4.070416893898686E-7	1.9301809811751957E-6	0.31868753615058437	1.2096520093345114E-6	9.200418719949955E-7	5.991525522701423E-7	0.0735389649487176	1.594391539165197E-6	0.5770212136607292	2.4753579120087184E-7	2.8722856344618458E-6	1.8441263776813503E-6	1.7257386267258263E-6
215	215	1.212046624183137E-6	0.01778416483555761	1.5967089717403734E-7	7.571551932050778E-7	0.22208960833536293	4.7451213630803576E-7	3.609063026426655E-7	2.3503053387108197E-7	0.07346316320218711	6.254345295362708E-7	0.6866566146966363	9.710126233745963E-8	1.1267160984961194E-6	7.233984156955936E-7	6.769582625068145E-7
216	216	0.09472819031861092	9.918200398976543E-7	2.806121479956894E-7	1.3306554224454837E-6	0.0883901282618106	8.339269846670105E-7	6.342714583694848E-7	4.130522476005845E-7	0.011124725672227075	1.0991641549590016E-6	0.7697591305497495	1.706497193906793E-7	0.02886562196952305	1.271329884642411E-6	0.007125177746018905
217	217	1.5936468846929711E-6	0.02162963033031429	2.099416167501229E-7	9.955376227326197E-7	0.33829596703474246	0.23950015804124572	4.745338944862552E-7	3.090274504611642E-7	0.037310552833789055	8.22346079505511E-7	0.1946949294920576	1.2767258382336447E-7	0.15714618654668727	0.011417152923507874	8.900915233671265E-7
218	218	0.002463961001399331	1.8305589758201084E-6	5.179135988124177E-7	0.010266717235426812	0.070504965844094	0.9087703931637893	1.170647158273371E-6	7.623525124637966E-7	3.898210373636749E-6	2.0286793257046425E-6	1.3535930448906378E-6	3.149607418539614E-7	3.6546521610382494E-6	0.0011899469194136573	0.006788484267984411
219	219	0.010714483821155125	7.731684961752471E-7	2.1874983741679705E-7	0.006020282511323807	0.03275279522271467	0.9351333873435307	4.944432355742878E-7	3.219928739815585E-7	1.6464771100910224E-6	8.568480798463018E-7	5.717136201429954E-7	1.330291601363836E-7	1.5436060529694958E-6	0.0071309303201380625	0.008241560752671375
220	220	2.4472956937583865E-6	1.1395130315138E-6	3.2239840553651566E-7	1.528804756241461E-6	0.04415298547722948	0.949071458180012	7.287215051672802E-7	0.003960875578797846	2.4266148094743944E-6	1.2628418744975978E-6	8.426043270899256E-7	1.9606135311595265E-7	2.2750011434553254E-6	1.4606449886336778E-6	0.002800050262072223
221	221	7.583532605863056E-7	3.5310544007126866E-7	9.990287755991147E-8	4.7373681678615547E-7	0.045720621463289174	0.9317260560486823	2.2581183422681514E-7	0.02169748915608058	1.7114947886289417E-5	3.913218396831471E-7	2.611011576829345E-7	6.075431211261094E-8	7.049636622893712E-7	4.526158782179245E-7	8.349367169824371E-4
222	222	4.398169266544822E-6	2.04788134380876E-6	5.793998503859371E-7	2.7474988456023386E-6	0.26838932393923715	1.721868328224635E-6	1.3096253697790549E-6	8.528583390660265E-7	0.21181978618137498	2.269522369154929E-6	1.5142904327892239E-6	3.523526069330419E-7	0.5197680149202397	2.62500519031093E-6	2.4564872055954673E-6
223	223	5.198914993557701E-6	2.4207256197118794E-6	6.848873671937926E-7	3.2477178747615407E-6	0.27182147991712313	2.03535756039051E-6	1.5480602401272974E-6	1.0081326428426345E-6	0.19137927087846923	2.682719367570732E-6	1.7899873239334423E-6	4.165031266844414E-7	0.5366600324618146	1.1528001281519856E-4	2.9037236610690556E-6
224	224	2.5779816610692233E-6	1.2003632030588601E-6	3.3961453009165926E-7	1.6104431658984462E-6	0.1348991418676403	1.0092710634636946E-6	7.676353458796551E-7	4.999018965291947E-7	0.8650850535158287	1.3302778252698146E-6	8.875995280486352E-7	2.0653105959628426E-7	2.3964865552198227E-6	1.5386436561932033E-6	1.4398670407815599E-6
225	225	2.9661665625363106E-7	1.3811103661363748E-7	3.9075268785719736E-8	1.8529389644966995E-7	0.10752907196152987	1.1612441338080912E-7	8.832236200721712E-8	5.7517565482540816E-8	0.8924691095955465	1.5305871503222044E-7	1.0212516562002719E-7	2.3762989952597762E-8	2.757342457088175E-7	1.7703280956490662E-7	1.656677987807334E-7
226	226	5.772652596300663E-6	0.04683598362763209	7.604696063128451E-7	3.6061268639756615E-6	0.2148783990834744	2.2599738830021046E-6	1.7188998041849766E-6	1.119387319341134E-6	0.2422683841060027	2.9787767142843127E-6	1.9875252789579926E-6	4.6246723760662305E-7	0.49598989738077076	3.445352397511388E-6	3.2241704185933064E-6
227	227	4.941698735017527E-6	2.300960247970622E-6	6.51002572706998E-7	3.0870370708677737E-6	0.15569118920240668	1.9346582688799085E-6	1.4714699778410773E-6	9.582552921212771E-7	0.27723543789279204	2.5499918582164E-6	1.7014277220036114E-6	3.958966393599113E-7	0.5670476710389032	2.9494055463137474E-6	2.760061966877042E-6
228	228	0.0126061995793519	2.2851226037523993E-6	6.465216838516714E-7	0.021075814419310883	0.05020885335425057	1.9213419026482943E-6	1.461341763758545E-6	9.516595647938577E-7	4.866212319102475E-6	2.5324401148321257E-6	0.916083842492726	3.9317165959248494E-7	4.562173834524823E-6	2.9291046151094955E-6	2.7410642986251893E-6
229	229	2.7432832429011967E-4	2.89289761756357E-6	8.184773262696864E-7	0.02560889622503847	0.24440672029504323	0.01796616018206596	1.8500154433207408E-6	1.2047728569149621E-6	6.16048084307313E-6	3.2059942704124937E-6	0.7115802530779908	4.977436901901375E-7	5.775577115702872E-6	3.7081597935840386E-6	1.3752777661446225E-4
230	230	1.141335281512407E-6	5.314300310856756E-7	1.50355625550534E-7	0.06981716261890354	0.18805241989284519	4.468288858435489E-7	3.398508673739183E-7	2.213187473052448E-7	1.1316904221084557E-6	5.889463990850585E-7	0.7258205764314469	9.143633122185011E-8	1.0609829768952225E-6	0.016303499417021892	6.374642144076645E-7
231	231	3.2333820012835346E-6	1.5055315692834764E-6	4.2595474031312374E-7	2.0198661710209456E-6	0.14589246064466566	1.2658580704047047E-6	0.09586047248448355	6.269919678073302E-7	0.02630526948939034	1.6684743890497847E-6	0.05023317073512261	2.590374558861965E-7	0.6816938858124291	1.9298130702220716E-6	1.8059244734788162E-6
232	232	2.9014100235974055E-6	1.3509583415220993E-6	3.8222188181066515E-7	1.8124861066830626E-6	0.21818332273603513	1.135892168777436E-6	0.051586379209023134	5.626185768922784E-7	0.013713104857209864	1.4971717893471699E-6	9.98955968737392E-7	2.3244202840772723E-7	0.7140614194063015	0.002443279124698479	1.620509846077984E-6
233	233	5.141812431418842E-6	2.394137449816427E-6	6.773648700012504E-7	3.212046391003322E-6	0.18240976912860762	1.1295798921357185E-4	0.03406164210051146	9.970597637989363E-7	0.015315506583016732	2.6532535752702894E-6	1.7703269019955306E-6	4.1192844221624007E-7	0.7621968412799285	0.001112518712611769	0.004773506276284865
234	234	6.993598696293881E-5	1.4423376829748592E-6	4.080755168008762E-7	1.935083363556557E-6	0.24310075185969776	0.010093799716332886	0.11716850513985884	6.006743136721267E-7	3.0714857004488685E-6	1.5984410646070218E-6	1.0665257344051317E-6	2.4816449654683407E-7	0.599542649899183	0.030012256488336626	1.730121754899302E-6
235	235	4.514705705583938E-6	0.020166778006331428	5.947519642432597E-7	0.0023407537315728788	0.14262817270813616	1.7674919482594255E-6	1.3443259617344966E-6	8.754561673478036E-7	0.005946724030739733	2.3296569477016767E-6	1.5544139487372336E-6	3.6168874558747437E-7	0.8288990128972704	2.6945588474802807E-6	2.5215757126847216E-6
236	236	0.022621625686610258	1.465752134574348E-6	4.147000850624246E-7	0.07994775717914103	0.05917116794174161	0.04693627180082712	0.06989407126221768	0.006996716152123512	0.02105936188375445	1.6243896488974102E-6	1.0838393742570233E-6	2.5219312012208643E-7	0.665651820707691	1.8788231909037278E-6	0.0277144876883395
237	237	3.9711836237266575E-6	0.06769403120132136	5.231502150097751E-7	2.4807645546655794E-6	0.20291769352518574	0.007627635983240897	1.1824835531555706E-6	7.700606466468305E-7	3.9376251170034065E-6	2.049191270246336E-6	1.7273989219917306E-4	3.1814530492800716E-7	0.7215680786257903	2.370162900108112E-6	2.2180050770120498E-6
238	238	3.5447388678775547E-6	0.06470787563897272	4.6697183424205543E-7	2.2143681512072314E-6	0.0783317125847531	0.019122612674328535	0.00795548506997292	6.873678387680193E-7	0.006428246357525088	1.8291392772568368E-6	1.2204542001585975E-6	2.8398133525559876E-7	0.8234397251844625	2.11564343311084E-6	1.979825047288101E-6
239	239	2.0376641582886157E-6	0.35679087576531965	2.6843494119922787E-7	1.2729114282182614E-6	0.5022382584096143	7.977385964665261E-7	0.024446102668768375	3.951277825597737E-7	0.011081633704304915	0.020181775616877954	0.039526782203970004	1.6324434889043155E-7	0.04295737894845632	1.2161603311416477E-6	0.0027710414011018324
240	240	3.3879662703813637E-6	0.3486260374618153	4.463191458098827E-7	2.1164336460668127E-6	0.4352612649464031	1.3263772866672499E-6	0.037210035895225646	6.569677315850808E-7	3.3593362447679806E-6	0.04627544988826309	0.06886345233924045	2.714217382788223E-7	0.05044367730722244	2.0220752102467565E-6	0.013306495264556188
241	241	3.877165369335392E-6	1.69120636404894E-4	5.107645701592665E-7	2.422032152670401E-6	0.2939852855137632	1.5178970722044503E-6	1.1544881114817507E-6	0.019409331916555063	3.844401364332798E-6	0.4137728502937906	0.09737886603579858	3.106131762111692E-7	0.17526642869932801	2.3140490057115627E-6	2.165493537549177E-6
242	242	3.843723445670978E-6	9.140867728086571E-4	5.063590449524114E-7	2.4011412680558398E-6	0.21431898931979732	1.5048046726847986E-6	1.1445302428798595E-6	7.453445729430494E-7	3.8112420418086153E-6	0.4798702334321827	0.14348076904298082	3.0793402762231355E-7	0.16139721544801064	2.2940895139610255E-6	2.1468153892939443E-6
243	243	3.78718644332307E-6	0.5470099777331462	4.989110526818952E-7	0.00899114735538627	0.09267810563782648	1.4826706283095344E-6	0.028111499032824082	1.6416677285919162E-4	0.004825010731949259	0.1030460770843966	0.15583408922075234	3.034046521121448E-7	0.059329478674073705	2.2603459457594153E-6	2.115238063708323E-6
244	244	3.0787310083053563E-6	0.49862380513166504	4.0558154483945655E-7	0.016675812848518583	0.06404807095557641	0.05394223458883401	0.030625072525087192	0.0038535276658441774	0.003723123698735555	0.12661686182513765	0.10814883791585818	2.46647828011903E-7	0.09373536482521776	1.8375111066886452E-6	1.7195480376119047E-6
245	245	1.8643033174796565E-6	8.680593564482496E-7	2.4559697404968236E-7	1.1646143888982055E-6	1.6678192513887486E-4	0.9998206700658576	5.551261840026165E-7	3.6151101390194285E-7	1.8485490131357262E-6	9.620089235978258E-7	6.418799519497494E-7	1.4935581016051396E-7	1.7330526057112016E-6	1.11269157417912E-6	1.0412598900123047E-6
246	246	2.1392738087665708E-4	4.59514961088412E-7	1.3000894827702893E-7	0.001725434510868947	3.11130120164402E-6	0.9980524877911899	2.9386099573287463E-7	1.9136907891400288E-7	9.785459041840602E-7	5.092480022362547E-7	3.397848764057471E-7	7.906282996020948E-8	9.17406850996865E-7	5.890132070050488E-7	5.512002080130257E-7
247	247	1.8403910553595293E-6	8.569252975895865E-7	2.4244685402129263E-7	1.1496766026082288E-6	0.33289602052063777	0.63119361347632	5.480059248167014E-7	3.568741363924275E-7	1.8248388217041294E-6	0.012311097315037125	0.020371942492085897	1.4744011583747304E-7	0.003218233273046085	1.0984197696228754E-6	1.027904295355739E-6
248	248	1.5753374952428E-6	7.335107112065657E-7	2.075296000983807E-7	9.840999032340367E-7	0.2948776536526431	0.6780208462486659	4.690819804111186E-7	3.054770378850577E-7	1.5620250979994099E-6	0.014515007413646995	5.423889697938711E-7	1.2620575507868811E-7	0.012578166938128611	9.402250915987177E-7	8.798652728067557E-7
249	249	2.6296159630719772E-6	1.224405234495976E-6	3.4641665730462137E-7	0.007094052063673071	0.16988567935952062	0.7788610563124369	7.830102866232985E-7	5.099144136416835E-7	2.607394380456387E-6	0.04414451280966518	9.053772270838398E-7	2.1066766276347684E-7	2.444485698272857E-6	1.5694610946638674E-6	1.4687060859734841E-6
250	250	3.3036805495269645E-6	1.5382640715406386E-6	4.3521563180368475E-7	2.0637810748004624E-6	0.12397256034426679	0.8376546378240075	9.837238175931013E-7	6.40623708529475E-7	3.275762780811768E-6	0.03835227060016488	1.137457779807244E-6	2.646693166073369E-7	3.071094779005883E-6	1.9717700852496665E-6	1.8451879655971138E-6
251	251	1.3464544673126257E-6	6.269378954720562E-7	1.7737732898244777E-7	8.411186269562939E-7	4.244894710105167E-6	5.271323503389214E-7	4.0092839151464416E-7	2.6109384405807627E-7	1.3350762472212919E-6	6.94791024951892E-7	4.6358450402241726E-7	1.0786914120905379E-7	0.9999874170946242	8.036184491802485E-7	7.520283944116406E-7
252	252	5.178582851110129E-6	2.4112585408718794E-6	6.822088799464376E-7	3.2350165587098255E-6	1.632624012484688E-5	2.0273975956861663E-6	1.5420060189371658E-6	1.00418999393883E-6	5.1348212112837615E-6	2.6722276722081613E-6	1.7829869638016338E-6	4.1487424817573314E-7	0.9999516050341264	3.0907875615479628E-6	2.892367652521426E-6
253	253	2.1112750472949854E-6	9.830546572849359E-7	2.7813218918863325E-7	1.3188955230340678E-6	6.656103490619301E-6	8.265570094722855E-7	6.286659737157273E-7	4.09401826310815E-7	2.093433707134846E-6	1.089450100004642E-6	7.269123608826052E-7	1.6914157272793723E-7	0.9999802696824979	1.2600942850198989E-6	1.1791997594597902E-6
254	254	2.2105676737791848E-6	1.0292874202896454E-6	2.912126618677958E-7	1.380922780310702E-6	0.003107304155629043	0.19703908016403443	6.582319441900422E-7	4.2865587029428897E-7	0.06687403334392678	1.140686608479239E-6	7.610988292105186E-7	1.7709624970161845E-7	0.7329689505630665	1.319356137869275E-6	1.234657167255289E-6
255	255	2.9915738109854955E-7	1.3929405224908333E-7	3.940997522965205E-8	1.8688106560014028E-7	0.08874970210021878	1.1711909852730312E-7	0.9112482563302016	5.8010242830760127E-8	2.9662935017977655E-7	1.5436976777256668E-7	1.029999376198853E-7	2.39665362393258E-8	2.7809609840284894E-7	1.7854921684731722E-7	1.6708685696068015E-7
256	256	1.3925763462143489E-6	6.4841322523317E-7	1.8345326833713525E-7	8.699305715086338E-7	4.390300681508564E-6	5.451889092629206E-7	0.9999861062015434	2.700374355050761E-7	1.380808372958753E-6	7.185906173575628E-7	4.794642748385164E-7	1.1156412502681826E-7	1.294536164169486E-6	8.311458507345382E-7	7.777886138470131E-7
257	257	4.661929264768173E-5	9.61461551618869E-7	2.72022927912285E-7	1.289925566805965E-6	6.509900077683778E-6	8.084014240098689E-7	0.9999348440027641	4.004091860441733E-7	2.0474507753537025E-6	1.0655199848752564E-6	7.109455015608058E-7	1.6542632472481377E-7	1.9195270864217134E-6	1.232415916534478E-6	1.1532982647476447E-6
258	258	1.217619255825913E-6	5.669494752818153E-7	1.6040501670068693E-7	7.606363686846025E-7	3.838722855807886E-6	4.766938026671609E-7	0.9999615791620764	2.361111347027136E-7	1.2073297583222321E-6	6.283100923902392E-7	4.192265186113715E-7	9.754770520216373E-8	1.1318964056374695E-6	7.267243875032841E-7	2.695266514613551E-5
259	259	1.6104818791764356E-6	7.498746853593578E-7	2.1215940162692692E-7	1.0060543002649915E-6	5.077279756277857E-6	6.304981852397148E-7	0.9999839321479875	3.122919599793785E-7	1.596872494143945E-6	8.310331932224503E-7	5.544891872097379E-7	1.2902129366931636E-7	1.4971007083389212E-6	9.6120068045061E-7	8.994942875739232E-7
260	260	1.9466010156119984E-6	0.8054703469700717	2.5643859270853984E-7	0.01108970391764233	6.136944512018282E-6	0.11248171124047825	0.06342337022937083	0.007266697187023361	1.930151254165661E-6	1.004475790042018E-6	6.702150635313652E-7	1.559489644308815E-7	2.5382064484778816E-4	1.1618101668606957E-6	1.0872252065474898E-6
261	261	2.5756892909826366E-6	0.8730398401926313	3.393125410583357E-7	0.040293990107977	0.01479125592252669	1.0083736083614803E-6	7.669527559563539E-7	4.994573781793799E-7	2.5539234159744866E-6	1.329094927369667E-6	8.868102646346655E-7	2.063474098713389E-7	0.07186177195310069	1.5372754770689535E-6	1.4385866949269737E-6
262	262	3.210980038248519E-6	0.8938956497754117	4.2300358194603435E-7	0.03776144737687021	1.0123084374192721E-5	1.257087777971109E-6	9.561207550449618E-7	6.226479555995256E-7	3.1838456356593313E-6	1.6569146347202545E-6	1.1055409778752672E-6	2.5724275686543636E-7	0.06831639652413814	1.9164426732054365E-6	1.7934124185212387E-6
263	263	3.094559984667647E-6	1.4408930797873858E-6	4.0766680031287283E-7	0.03125093951953567	0.006085951737012358	0.006210949955896443	0.020700049608732042	0.9104283819391736	3.068409390313231E-6	1.5968401128436617E-6	0.025307418910221032	2.479159422540627E-7	2.8766967234753117E-6	1.8469584795818137E-6	1.7283889156125342E-6
264	264	2.774774434787639E-6	1.2919941125283638E-6	3.6553934033413964E-7	0.04047477415428367	8.74788238734425E-6	1.0863147659120584E-6	0.0414318088034202	0.8969334136104709	2.751326189793633E-6	1.43182589560883E-6	0.021135546174916527	2.2229681180885005E-7	2.5794247209571994E-6	1.656097537824355E-6	1.5497807120152056E-6
265	265	1.6312282974120629E-6	7.595346598352769E-7	2.1489246415664845E-7	0.009363432927679808	5.142685875207236E-6	0.09165374324497026	4.857243622800799E-7	0.7964742427937495	1.6174435946703422E-6	8.417386612051751E-7	0.012882680024124037	1.3068336124944595E-7	0.0896131924135396	9.735829814145895E-7	9.110816794793255E-7
266	266	3.412664127512182E-6	1.5890091480967274E-6	4.495727574512762E-7	0.01487642619020298	1.0758922974317415E-5	0.0715010379895012	1.0161754241523142E-6	0.8264076184070687	3.383825392535771E-6	1.7609866984237301E-6	1.1749808443990264E-6	2.7340036934513873E-7	0.08718715500158986	2.0368158896587808E-6	1.9060580114539481E-6
267	267	3.7268861456764256E-6	1.7353176164195063E-6	4.909672966967735E-7	2.328154002808881E-6	0.11436201471475047	1.4590632666079137E-6	1.1097400647543233E-6	0.4971268402865892	3.6953920759917036E-6	1.9231300485056135E-6	0.11314532190268092	2.9857378595238804E-7	0.27534474995654135	2.2243562908128046E-6	2.081558843858981E-6
268	268	4.0957649818176076E-5	4.319141593804137E-7	1.2219995073501144E-7	5.794689511111679E-7	0.16991043595619248	3.6315546982118087E-7	2.7621021227693084E-7	1.798744803754987E-7	0.018334678818420654	4.786599815619664E-7	0.811709487749303	7.43139149585387E-8	8.623027374769317E-7	5.536340831318424E-7	5.180923248513112E-7
269	269	1.4712200676954075E-6	6.850314180011974E-7	1.9381352454794615E-7	9.190586338655487E-7	4.63823651996601E-6	5.759776590870798E-7	4.3807934811376783E-7	2.8528740648516035E-7	0.013397656394983193	7.591719761634891E-7	0.986557447879918	1.1786454654391375E-7	1.3676432091217148E-6	8.780836024585242E-7	3.256625718683484E-5
270	270	3.380059395940485E-6	1.5738276902084492E-6	4.452775210814046E-7	2.111494289011166E-6	1.0656131787587326E-5	1.3232817721815846E-6	1.0064668429101295E-6	6.554344927772554E-7	0.014370878175010926	1.7441621600401973E-6	0.9855989076008217	2.7078829112090416E-7	3.1420964006610525E-6	2.0173560679881075E-6	1.8878474558582403E-6
271	271	1.9653238817494062E-4	1.3921830940786882E-6	3.9388545574559886E-7	1.8677944673954141E-6	0.02065395329304764	1.1705541358785517E-6	8.903046579798387E-7	5.797869905311419E-7	0.003809299354895222	1.5428582732701332E-6	0.8707484718075255	2.395350414269621E-7	0.1045802117729406	1.7845212853118107E-6	1.6699600144264859E-6
272	272	5.23296206409417E-6	2.4365786613611267E-6	6.893726123900073E-7	3.268986789468086E-6	1.649767855008851E-5	2.048686872855019E-6	1.5581983009064465E-6	1.0147347825666949E-6	0.0024892466802048452	2.7002881748411748E-6	0.9274587068693687	4.1923075568981216E-7	0.07001013374978927	3.123243273840335E-6	2.922739798941927E-6
273	273	2.798736107220088E-6	4.844102197265676E-4	3.6869596950891095E-7	1.7483465864363207E-6	0.09246343866857037	0.08369939532173916	0.0051942343554176856	5.427088598077074E-7	0.019568611361595784	1.4441904837572366E-6	0.7974899570120653	2.2421646456352495E-7	2.6016994433464697E-6	1.6703988324521364E-6	0.0010885540681381072
274	274	5.743322469932365E-6	2.6742133430649026E-6	7.566057552876337E-7	3.5878045840781497E-6	0.15120511941658138	0.11240111780781804	1.710166289110209E-6	1.1136998522740206E-6	0.010415292387825624	2.963641922090358E-6	0.7259474861992654	4.601174993720908E-7	5.338980990181387E-6	3.4278469925841828E-6	3.207788811657377E-6
275	275	1.4264365859656987E-6	6.641792744871487E-7	1.8791390108158085E-7	8.910827746164821E-7	4.497050041470415E-6	0.8036822233548755	4.247443488752465E-7	2.76603346474983E-7	1.4143824765877243E-6	7.360630170956038E-7	4.911223611921821E-7	1.1427678636946337E-7	0.1963050047347978	8.513550104339084E-7	7.967004020676901E-7
276	276	2.1807154854209054E-6	0.01896351163284699	2.87280036172817E-7	1.362274372738724E-6	6.875024631752596E-6	0.7933201755659726	6.493429767929009E-7	0.0033412100468518777	2.1622873384972126E-6	1.1252824243422865E-6	7.508207156388968E-7	1.7470468726887942E-7	0.184357015498539	1.301539145244936E-6	1.217983975680116E-6
277	277	1.836525833035588E-6	8.551255677003612E-7	2.4193766278728647E-7	0.031345909451975774	5.789916393670501E-6	0.9411757465200148	5.46854992938346E-7	3.561246229263605E-7	1.821006262460427E-6	9.476753182988666E-7	6.323161592916172E-7	1.4713045946008526E-7	1.7072307121681623E-6	0.02746243643855238	1.0257454723068474E-6
278	278	2.29303409088623E-6	1.067685541610006E-6	3.0207650699016023E-7	0.038890229700303425	7.2291254689964635E-6	0.9427326318369036	6.827876412205506E-7	4.446471082981627E-7	2.2736567950352167E-6	1.1832405364856368E-6	7.894920307640613E-7	1.8370292063470925E-7	2.1315998683987547E-6	0.018357276697566195	1.2807167175449256E-6
279	279	1.8581740542855208E-6	8.652054408788689E-7	2.4478952577690405E-7	1.1607854904339338E-6	5.858165578546716E-6	7.274688304382919E-7	5.533010976790519E-7	3.6032247546454984E-7	0.046671092961051514	9.588461303803522E-7	6.397696455807956E-7	1.4886477361004282E-7	0.9533133844759796	1.1090333821627797E-6	1.037836543682583E-6
280	280	3.068132599463886E-6	1.4285879260189532E-6	4.041853465294491E-7	1.9166362784859916E-6	9.672736923187408E-6	1.2011634909087115E-6	9.13585641341327E-7	5.949481055031682E-7	0.05243435849840995	1.5832031793280657E-6	1.056358580202349E-6	2.457987526902595E-7	0.9475400113506565	1.8311855479091053E-6	1.7136285619980902E-6
281	281	3.764422983245108E-6	1.7527955679724881E-6	4.959122719246919E-7	0.006094228712406004	1.186789423341507E-5	0.2128110474493074	1.1209172595828982E-6	7.299672519322036E-7	0.11745512328211206	1.942499628748346E-6	1.2960914787570609E-6	3.015809923084403E-7	0.6636119791906103	2.2467597926960003E-6	2.1025241036381763E-6
282	282	0.1957188370840527	1.8990228465188994E-6	5.372838404329332E-7	2.547785834544124E-6	0.048413540186449805	0.18744423872474822	0.009505348391422171	7.908648983140458E-7	0.036524558764745384	2.10455300193085E-6	1.4042181383338345E-6	3.267404396349762E-7	0.5223791542559116	2.4341961235702644E-6	2.277927546784074E-6
283	283	1.7770910579025189E-6	8.27451469730935E-7	2.3410792779237224E-7	0.026075253455531456	0.24648294558833064	6.957251127757099E-7	5.291573363353E-7	3.445994995100502E-7	1.7620737411866305E-6	9.17006068550741E-7	0.7274308662052849	1.4236893331330557E-7	1.6519802650180305E-6	1.0606397725829121E-6	9.925496683635114E-7
284	284	2.9597773989540344E-6	1.378135435407307E-6	3.899110011918339E-7	0.031167078182315462	0.16279656334239262	1.1587427979682336E-6	8.813211442437248E-7	5.739367185520249E-7	2.934765785502396E-6	1.5272902445435967E-6	0.8058904201000332	2.3711804145324242E-7	1.3047775242566167E-4	1.7665147845760258E-6	1.6531094806301084E-6
285	285	1.331445929437252E-6	6.19949600376954E-7	1.7540015528300655E-7	8.317429212961153E-7	0.24077888572247438	5.212565587414626E-7	3.964593588845471E-7	2.58183506618004E-7	1.3201945390689731E-6	6.870463906797261E-7	0.7499040122450826	1.066667551419992E-7	0.009309315380228457	7.946607471378293E-7	7.436457517639387E-7
286	286	2.244178745602852E-6	1.0449374516462552E-6	2.9564047007746993E-7	1.4019193303383296E-6	0.19418205623373136	8.7858835591476E-7	6.682401793665661E-7	4.351734645823963E-7	2.2252143020871884E-6	1.1580304337693036E-6	0.8057058876470519	1.797889493366615E-7	9.893156116104538E-5	1.3394165840781477E-6	1.2534297889752462E-6
287	287	2.001755818736773E-6	9.320601704063339E-7	2.637044987575958E-7	0.029717294426169036	0.05568070130321002	7.836806035048257E-7	5.960548686158223E-7	3.881647202097741E-7	1.9848399713556474E-6	1.032936509007559E-6	0.9145896871183573	1.6036760716337466E-7	1.860828173791618E-6	1.1947287826980644E-6	1.1180305394012624E-6
288	288	3.819647659207197E-6	1.7785093540427301E-6	5.031873827835296E-7	0.04162277517971738	0.06058825184486695	1.495379084064456E-6	1.1373612917005153E-6	7.406759860809209E-7	3.7873697078966338E-6	1.970996403162796E-6	0.8977654700179761	3.060052327964744E-7	3.550736764035158E-6	2.279720111466907E-6	2.133368462213898E-6
