0	0	1.6762075953442116E-6	3.1314905662835544E-7	4.635918139953931E-7	0.7838204077027083	0.21616930121553213	3.124447320347838E-6	1.6413988756464478E-6	5.950196088141232E-7	9.890263574043494E-7	1.4882411312770344E-6
1	1	2.25788497208532E-6	4.2181800807236174E-7	6.244673946767448E-7	0.9999802864960682	5.8512121037603336E-6	4.2086926883522156E-6	2.2109969342781828E-6	8.015032485052115E-7	1.332238175976642E-6	2.0046904061782604E-6
2	2	0.0021089430402511087	2.683134843525592E-5	2.1575898805652537E-7	0.9978583402829723	2.021645346375418E-6	1.4541404134475745E-6	7.639189254754948E-7	2.769264357044936E-7	4.603000303126888E-7	6.92638201915322E-7
3	3	3.12713975119254E-6	5.842121618771699E-7	8.648787858372342E-7	0.9936614462628791	5.429556116702347E-4	0.005782228022905529	3.0622004612398284E-6	1.1100710178321203E-6	1.8451316208128658E-6	2.7764687464147166E-6
4	4	0.0055920846431267235	1.2830707489579157E-7	1.8994823180954363E-7	0.9940502067458558	1.7798005188520773E-6	3.3018594066408E-4	6.725330446113401E-7	2.4379835703348334E-7	2.389850365451066E-5	6.097794716347532E-7
5	5	1.6394523358136337E-6	3.062824400588444E-7	4.534263443441516E-7	0.29476843773513584	0.6384852323933625	0.06673932038436903	1.6054068888333855E-6	5.819722391395722E-7	9.673393536287138E-7	1.4556075307754596E-6
6	6	3.293053799596026E-6	6.15208219813701E-7	9.107659390039019E-7	0.24986293625702757	0.3554059996521246	0.3947169846219112	3.2246690798404426E-6	1.1689671309699067E-6	1.9430272319474827E-6	2.923777535479147E-6
7	7	1.547626127311852E-6	0.8762067048597706	4.280298011654301E-7	6.849844783538273E-6	0.039338272396927894	0.08444184514229573	1.515487575850706E-6	5.493758025088253E-7	9.131583913415696E-7	1.3740785239858746E-6
8	8	2.883183373756882E-6	5.386362381880998E-7	7.974073223590384E-7	0.3843556125405713	0.26816970237752397	0.34746235801614145	2.8233101682105565E-6	1.0234714649648828E-6	1.7011880615479394E-6	2.5598691342034767E-6
9	9	2.180580819551302E-6	4.0737604843280334E-7	6.030872431954106E-7	0.488135285619495	0.24108481500841794	0.27077057628726037	2.1352981071134704E-6	7.740618464209707E-7	1.286625780110335E-6	1.9360549819389284E-6
10	10	2.1129665683568255E-6	3.9474435589364927E-7	5.84387045528814E-7	0.023138452451296733	0.9768485749838669	3.938565098275522E-6	2.0690879573703538E-6	7.500601622574197E-7	1.24673079529268E-6	1.876022853479653E-6
11	11	1.4561239845113372E-6	2.7203304253612474E-7	4.0272288543304716E-7	0.01873491648662435	0.9812561436356313	2.714211947337228E-6	1.4258855989063384E-6	5.168944026117941E-7	8.591686401675201E-7	1.292837242837911E-6
12	12	3.4971121058192305E-6	6.533303869417259E-7	9.672027196303592E-7	0.121435899239827	0.8785426302294924	6.518609376506912E-6	3.4244898391135842E-6	1.2414036799280745E-6	2.063429408779639E-6	3.1049531639297118E-6
13	13	1.451929409277804E-6	2.712494121069428E-7	4.0156278405487963E-7	0.1734410787282543	0.8235203640197877	0.003032349520089582	1.4217781297054714E-6	5.154054137052107E-7	8.566936809347839E-7	1.289113038623517E-6
14	14	3.870791361912229E-6	7.231411352357511E-7	1.0705518779719476E-6	0.17267783006901827	0.8272984051953428	7.2151466989795415E-6	3.7904091396268924E-6	1.374052216660632E-6	2.2839144098724375E-6	3.436728798622742E-6
15	15	1.4306834482544805E-6	2.672802422558479E-7	3.9568674958382993E-7	0.18396998137362963	0.8160212349408777	2.666790842960461E-6	1.4009733698221648E-6	5.078635296020176E-7	8.44157754299672E-7	1.2702495558686107E-6
16	16	1.4020703071266006E-6	2.6193473602126385E-7	3.8777316057706005E-7	0.9999877585798859	3.633405090519434E-6	2.613456009988665E-6	1.3729544193016767E-6	4.977064463814525E-7	8.272749106577468E-7	1.2448450333978716E-6
17	17	7.408931294986251E-7	1.3841363397311232E-7	2.0491017391581432E-7	0.9999935312915396	1.919992781081061E-6	1.381023185645892E-6	7.255074807625445E-7	2.630019940917969E-7	4.3715518002020525E-7	6.578109013841989E-7
18	18	2.408170271826665E-6	4.4989430361584283E-7	6.660320761144425E-7	0.9990728328772029	9.123821539025443E-4	4.4888241609506874E-6	2.3581613563383136E-6	8.548514736958062E-7	1.4209122298274004E-6	2.138123022235246E-6
19	19	7.835903124912006E-7	8.055942462834206E-5	2.1671901225481288E-7	0.9998859411250551	2.8834985469541252E-5	1.4606106420910818E-6	7.67317998953695E-7	2.7815862575977965E-7	4.6234814507051703E-7	6.957201103006304E-7
20	20	2.079745678065618E-6	3.8853803008774013E-7	5.751990828710739E-7	0.3792674667466219	5.389571760602934E-6	3.8766414308621085E-6	2.036556943835145E-6	7.382674217875425E-7	0.6207156022057447	1.8465272853374122E-6
21	21	6.889317322936964E-7	1.2870620718360818E-7	1.9053911483287214E-7	0.3696648176191898	1.7853370479446746E-6	1.2841672540122387E-6	6.746251323075643E-7	7.094360719167516E-5	0.6302588747907818	6.116763481380548E-7
22	22	3.6628336129649636E-5	1.943615515342144E-7	2.87736534214252E-7	0.40378568924885977	0.14605571660285427	1.9392439990340893E-6	1.0187635102339669E-6	3.6930954098209583E-7	0.4501172326935979	9.237034224098851E-7
23	23	1.4556889393675931E-6	2.7195176741439605E-7	4.0260256419842303E-7	0.364554783960533	0.129619853725289	2.713401024133338E-6	1.4254595880638984E-6	5.167399704328886E-7	0.5058172840193416	1.292450982759696E-6
24	24	3.834237988536202E-6	7.163122350320527E-7	1.0604422443453542E-6	0.27885914643348103	0.25117774763663236	0.4699467126250878	3.7546148465291007E-6	1.3610765124653685E-6	2.262346526621372E-6	3.4042744451785564E-6
25	25	1.7017726527986117E-6	3.179251199553154E-7	4.7066238890097215E-7	0.3577245196532817	0.20508772124119057	0.4371804831675502	1.6664330400769416E-6	6.040946843167515E-7	1.004110715523945E-6	1.510939375893499E-6
26	26	1.602339885681218E-6	2.9934909315097154E-7	4.4316208583196714E-7	0.5863792946530701	0.08403000644749022	0.32958384808678387	1.5690651289648398E-6	5.687980740652344E-7	9.454415937863383E-7	1.422656794289752E-6
27	27	3.5454628860515437E-6	6.623632783682109E-7	9.80575183744142E-7	1.5692336816148253E-5	0.9999625402827373	6.608735125938656E-6	3.4718365499448583E-6	1.258567223644019E-6	2.0919582116460902E-6	3.1478819873468904E-6
28	28	2.6495682118532176E-6	4.949922600988642E-7	7.327959478583117E-7	0.027745737113615807	0.972237995854084	4.938789397326177E-6	2.594546341374481E-6	9.405428333114619E-7	1.5633462135251936E-6	2.3524510949339544E-6
29	29	2.168610613573976E-6	0.8149623148652274	5.99776621337867E-7	0.03183361611744396	0.153191159965478	4.042285477812603E-6	2.1235764786666042E-6	7.698126667263814E-7	1.279562902428586E-6	1.9254270901820863E-6
30	30	3.226897452762501E-6	6.028488929269603E-7	8.92468956624721E-7	0.041076674039883805	0.9560335623061748	6.0149298495754945E-6	3.1598865591007453E-6	1.1454829732063976E-6	0.002871856099432436	2.8650398249914056E-6
31	31	2.661629922799669E-6	4.972456286044696E-7	7.361318774132696E-7	1.178046268452854E-5	6.89749983394088E-6	4.961272400356426E-6	2.6063575745659237E-6	0.9999659257767647	1.570463082625756E-6	2.363160230481331E-6
32	32	1.563351188325578E-6	2.920652257887192E-7	4.323789101784128E-7	0.1054114575747036	0.8675727079214925	2.91408322256373E-6	1.530886084686422E-6	5.549578793822117E-7	0.027007158741083802	1.3880402090763555E-6
33	33	2.3472621131096108E-6	4.3851544308795037E-7	6.491865947640492E-7	0.07251497495478251	0.9166310579914151	4.375291485272921E-6	0.010841854548776255	8.332303159859416E-7	1.3849740951241247E-6	2.084044978868275E-6
34	34	1.643600191415319E-6	3.070573423276959E-7	0.0070283021443868655	0.11391462805772674	0.8790474334829094	3.0636671901825133E-6	1.6094686085988015E-6	5.83444643526945E-7	9.697867464982896E-7	1.4592902544012039E-6
35	35	7.167691428069157E-7	1.3390679144620414E-7	1.982381585984552E-7	0.6939037022137601	0.27828781955860915	0.022141620087857295	0.005664495473973762	2.5443846940415796E-7	4.229211085662617E-7	6.363921288260128E-7
36	36	2.916259328072004E-6	5.44815487058963E-7	8.065551998076114E-7	1.290746091275676E-5	0.9999691881558473	5.435901059237749E-6	2.8556992555614143E-6	1.0352127561106828E-6	1.720704135037178E-6	2.58923601919119E-6
37	37	6.480338703834491E-7	1.210656697520374E-7	1.7922791803113523E-7	2.8682194932392265E-6	1.6793519922019349E-6	1.2079337281599785E-6	6.345765698608356E-7	0.9999917038613917	3.823646785041388E-7	5.753646881472651E-7
38	38	1.2888853859019536E-6	2.40789532166741E-7	3.564693989826111E-7	9.388268783900935E-5	0.9998982041963144	2.402479562437424E-6	1.2621199361778147E-6	4.575281010871056E-7	7.604914939360708E-7	1.1443524358969756E-6
39	39	3.0384093672496356E-6	5.676355540016481E-7	8.403384605440825E-7	0.1248395564499501	0.870880448308441	5.66358846719903E-6	2.9753126838284313E-6	0.004262419491358381	1.7927773129897236E-6	2.6976884048003376E-6
40	40	8.439441258224138E-7	1.5766561825777952E-7	2.3341117728345947E-7	0.0031793113687355427	2.187045019990036E-6	1.5731100191725699E-6	8.264184836537932E-7	0.996813619771654	4.979591948714065E-7	7.493059714304881E-7
41	41	1.3923209017660836E-6	2.6011335238130586E-7	3.850767496259271E-7	0.13250516404077817	0.8674862878007029	2.59528313955289E-6	1.3634074735406491E-6	4.942456057433968E-7	8.21522389969168E-7	1.236188906255079E-6
42	42	3.602257504708947E-6	6.72973647455866E-7	9.962829757632776E-7	0.020717365481297805	0.979260518447517	6.7146001718716206E-6	3.5274517514664137E-6	1.2787281582860886E-6	2.1254692009572716E-6	3.1983077745560123E-6
43	43	9.323641820999655E-7	1.741842507274382E-7	2.578656746841036E-7	0.004277851118608328	2.4161818050356256E-6	1.7379248122022305E-6	9.130023777738804E-7	0.9957143394171067	5.501303975461662E-7	8.278107848841346E-7
44	44	1.7537363155025505E-6	3.276329699852819E-7	4.850340745571375E-7	0.03678176507697743	0.9632074678534439	3.2689606864855073E-6	1.7173176069847783E-6	6.225407278381671E-7	1.0347712567267256E-6	1.5570759405902647E-6
45	45	2.9548740172157926E-6	5.520294822174155E-7	8.172349353229257E-7	0.6739988022605387	0.32254641641735204	5.50787875600782E-6	2.893512058414772E-6	0.0034376887840503125	1.7434882731428998E-6	2.6235205367025557E-6
46	46	9.332273338729534E-7	1.7434550471780848E-7	2.5810439815564986E-7	4.130495261079859E-6	0.12223555443629969	1.7395337252340387E-6	9.13847605031906E-7	0.8777549167930376	5.506396899848214E-7	8.285771445967759E-7
47	47	1.5478719593476527E-6	2.8917339665894115E-7	4.280977913831881E-7	0.7835342592606079	0.21640328937840508	2.8852299733388345E-6	1.5157283028515154E-6	5.494630678822685E-7	9.133034416107466E-7	5.4322493053808684E-5
48	48	1.8810232086127557E-6	3.5141270383765704E-7	1.292089004715218E-4	0.9289474352013847	0.07091232758833241	3.5062231790301217E-6	1.8419612154590115E-6	6.677249863727112E-7	1.109875374252366E-6	1.6700891439221409E-6
49	49	1.2815401456676538E-6	0.002323640686663844	3.544379123971135E-7	0.035338906537699166	3.321056344539948E-6	2.388788050579875E-6	1.254927229799786E-6	0.962326958037556	7.561575222887835E-7	1.1378308757595804E-6
50	50	1.5881509388726953E-6	0.9999794014066529	4.392378227467038E-7	7.029208949195047E-6	4.115625069928985E-6	2.960309903768049E-6	1.5551708348435116E-6	5.637612864961158E-7	9.37069574463424E-7	1.4100589667243608E-6
51	51	3.32829614298457E-6	6.217921934313775E-7	9.205129786583719E-7	0.8660817796123629	0.12922988187466905	6.203936788114075E-6	3.2591795682631037E-6	1.1814774461808565E-6	1.9638215575458034E-6	0.00467085949629293
52	52	1.2105362364028767E-6	2.2615234622305624E-7	3.3480023077089294E-7	0.8732367186362935	0.12675584927270755	2.256436917788953E-6	1.1853978128245724E-6	4.297157463314366E-7	7.142625100381138E-7	1.074789198497878E-6
53	53	1.1468522584351966E-6	2.1425490721949135E-7	3.17187035990913E-7	0.7939122804520096	0.20608067844497274	2.137730121051555E-6	1.1230363188645254E-6	4.0710922923695064E-7	6.766865361973203E-7	1.0182466105284094E-6
54	54	4.1511088536349475E-6	7.755100412908333E-7	1.1480798016273037E-6	0.055965331374285665	0.9418792225337077	7.737657895261183E-6	4.064905459185222E-6	0.0021314339054786693	2.4493124121994184E-6	3.685612064727077E-6
55	55	1.1762464395323607E-6	2.1974632731954748E-7	3.2531663865683163E-7	0.18863142624579293	0.8087460142356314	1.6313639465031623E-4	1.1518200900020887E-6	0.0024548116196179094	6.940302231846365E-7	1.0443445887564714E-6
56	56	1.6254145120505063E-6	3.0365989421145145E-7	4.4954387763718056E-7	0.12644318909110272	0.8476369048254375	0.025523751705413083	1.591660579482849E-6	3.8978189880094395E-4	9.590565026615107E-7	1.4431438796287088E-6
57	57	2.8472397050209996E-6	5.319212429884197E-7	7.874663158648545E-7	0.36115617791890026	0.6388263414440507	5.307248631643395E-6	2.7881129184107365E-6	1.0107121935178535E-6	1.6799799272689043E-6	2.5279561143780584E-6
58	58	1.300120307599753E-6	2.428884399277674E-7	3.595766619161796E-7	0.48423140496132855	0.5157606129459881	2.42342143210232E-6	1.2731215495185282E-6	4.61516269815281E-7	7.671205258730225E-7	1.1543274966375328E-6
59	59	3.713754632080295E-7	6.938035377093698E-8	1.0271199411110836E-7	0.9999967575355945	9.624035910720034E-7	6.922430575342829E-7	3.636633490061005E-7	1.318307371085667E-7	2.1912567549878262E-7	3.2973018439267575E-7
60	60	6.060132276616368E-7	1.1321537444028604E-7	1.6760619167768973E-7	0.9999947089226006	1.5704572981225563E-6	1.1296073413113975E-6	5.934285426659342E-7	2.151223718714648E-7	3.5757089799486404E-7	5.380561536703909E-7
61	61	2.079745678065618E-6	3.8853803008774013E-7	5.751990828710739E-7	0.9997684156770045	1.4767366919935153E-4	7.501869015023639E-5	2.036556943835145E-6	7.382674217875425E-7	1.227129204054397E-6	1.8465272853374122E-6
62	62	5.731831049085003E-7	1.0708205181503769E-7	1.5852630431583076E-7	0.9999949955610972	1.485379442520517E-6	1.068412063740982E-6	5.612801818519104E-7	2.034683459309133E-7	3.381998744952333E-7	5.089075332001092E-7
63	63	5.315342034849784E-4	7.204700370288487E-7	1.0665975334293508E-6	0.9780677041490893	1.419133654140252E-4	7.1884957943758375E-6	3.7764083387279324E-6	0.020712719087855644	2.275478214795608E-6	5.311017442376642E-4
64	64	1.4400567139392344E-6	0.9596865191847136	3.982791308938331E-7	0.0402519166183169	3.7318452351983576E-6	5.194441299296525E-5	1.4101519869569539E-6	5.111908483043934E-7	8.496883382457921E-7	1.2785717228634294E-6
65	65	1.8663721713749063E-6	3.4867559746586705E-7	5.161859801384185E-7	0.6909189582329907	0.30881421052181757	3.4789136774115502E-6	1.8276144268416258E-6	2.5603517159082575E-4	1.1012307039670188E-6	1.6570810437955206E-6
66	66	7.747643163052998E-7	1.4474144815606553E-7	2.14277990275493E-7	0.7392622985428008	0.2601498912606537	1.444159004352992E-6	7.586752865258096E-7	5.833285541857251E-4	4.571404709838156E-7	6.878838431313157E-7
67	67	1.25712658695085E-6	2.3485635422457483E-7	3.47685809612803E-7	0.29478868175233497	0.7024084283209816	2.343281230109223E-6	4.4233663637554674E-5	0.002752615405469488	7.417525923051563E-7	1.1161550031862114E-6
68	68	3.050138982760231E-6	5.698268804471066E-7	8.43582541854255E-7	0.20983396091456316	0.783678457165508	5.685452445057491E-6	2.986798717995281E-6	0.006469938319442248	1.79969823312779E-6	2.7081026854093865E-6
69	69	9.564943652267838E-7	1.7869225087218215E-7	2.645394037609042E-7	0.3465627095424237	0.6453825712756818	1.7829034211880751E-6	9.366314649845066E-7	0.008049186317804394	5.643681251329549E-7	8.49235059021971E-7
70	70	0.07403198451883829	2.7008239514505725E-7	3.998351099684588E-7	0.0064352363474996545	0.9191297282610829	2.6947493467482772E-6	1.4156611055964934E-6	5.131879458206924E-7	3.964737898862474E-4	1.283566789619046E-6
71	71	0.05697682387302825	2.8918870867944587E-7	4.281204595893074E-7	0.16712020705834355	0.7758950133546249	2.8853827491509357E-6	1.5158085621807656E-6	5.494921625011347E-7	9.133518019412147E-7	1.3743695593131556E-6
72	72	3.6058120492829533E-6	6.736377073749269E-7	0.018379303815311956	0.7923799948293052	9.344307335179877E-6	0.18921693764562303	3.53093248111077E-6	1.2799899493242706E-6	2.127566517710892E-6	3.2014637198295497E-6
73	73	3.6982507791146463E-7	0.9999952033045457	1.0228320120143376E-7	1.636858111948264E-6	9.58385834045004E-7	6.89353142705825E-7	3.621451595588812E-7	1.312803818570838E-7	2.182108890924366E-7	3.2835365610698855E-7
74	74	4.727207412096871E-7	8.831367580581323E-8	1.307412438288367E-7	0.4099055922174558	0.030579453698834164	0.5595129329636808	4.629040551251046E-7	1.6780624983097605E-7	2.7892325153919396E-7	4.1971081185296363E-7
75	75	1.7292540703733172E-6	3.2305919762697853E-7	4.782629750455579E-7	0.42981153930444427	0.0296400093183027	0.5405410579423293	1.6933437688157822E-6	6.138500286907882E-7	1.0203257991422946E-6	1.535339083957152E-6
76	76	2.2022644362502464E-6	4.114269811051201E-7	6.090843209006816E-7	0.3462404863402935	0.08581006124526755	0.5679400366211944	2.1565314341598664E-6	7.817590893887978E-7	1.2994199402720455E-6	1.955307042564264E-6
77	77	2.1344103552382367E-6	3.9875048356608376E-7	5.903177930608597E-7	0.029798330029971617	0.7915282793673629	3.978536270489413E-6	0.17858936450178667	7.576722705172264E-7	7.427135172773324E-5	1.8950619783087594E-6
78	78	2.079301900674258E-6	3.8845512360775314E-7	5.750763465426847E-7	9.203059464028285E-6	0.8782088323832574	0.10370684992096973	0.01806826069241754	7.381098898383131E-7	1.226867358482229E-6	1.8461332722278264E-6
79	79	2.250757581997235E-6	4.204864692531215E-7	6.224961593063969E-7	0.15145296707351688	0.18494030064187128	0.474967031575307	0.18863228160091325	7.98973169967292E-7	1.3280327442173548E-6	1.9983622669208035E-6
80	80	4.004954755748392E-6	7.482055367636689E-7	1.1076576942759913E-6	0.4356708889263781	0.407989975840477	0.15632201202790494	3.9217864489812075E-6	1.4216774931116526E-6	2.363075924872933E-6	3.5558473860657823E-6
81	81	2.577386161575595E-6	4.815072114612602E-7	7.128324256078128E-7	0.5659417838549446	0.3329172728529811	0.10112992366390909	2.523863249079332E-6	9.149196733646343E-7	1.5207560531808871E-6	2.288363390963728E-6
82	82	2.9203378557321855E-6	5.455774374836991E-7	8.076832056952268E-7	0.19001561479415338	0.6317515253522579	0.01878594065638587	2.8596930870738764E-6	1.036660550488682E-6	0.1594361563878773	2.592857189167864E-6
83	83	1.5254980133527369E-6	2.8499349668663317E-7	4.2190978803633054E-7	0.20111945067301293	0.6388263866612053	0.014248761211458703	1.493818982131436E-6	5.415207720529806E-7	0.14564323073545452	1.5790297781629519E-4
84	84	2.309799049146501E-6	4.315165945139189E-7	6.38825366340599E-7	1.0223247519928748E-5	0.8718189342768521	0.03690267839536888	2.261832945256254E-6	8.199316901318268E-7	0.0912596513916682	2.0507829456640207E-6
85	85	1.1979855913539233E-6	2.2380763506193662E-7	3.3132907581298823E-7	5.302324126527327E-6	0.8591814315605716	0.030491056628921105	1.1731077989091069E-6	4.252605225702893E-7	0.1103177943498001	1.063645956910266E-6
86	86	3.13720739663585E-6	5.860929991205984E-7	8.676632130327023E-7	0.21002882662099492	0.05602642289988387	0.7339313373323048	3.0720590383975478E-6	1.113644827227804E-6	1.8510719152776399E-6	2.7854074268535027E-6
87	87	2.1897275617089605E-6	4.0908484254986223E-7	6.056169744773801E-7	0.2705636946119228	0.0627004974941838	0.6667264457021221	2.1442549047888357E-6	7.773087538778339E-7	1.2920227065432142E-6	1.9441760272879793E-6
88	88	3.730509229396503E-6	6.969336311168519E-7	1.0317537908705986E-6	0.1662921680428198	0.0024342549274940337	0.8312576272177458	3.6530401554842603E-6	1.3242549124096765E-6	2.2011426058809086E-6	3.312177615241255E-6
89	89	7.254569691239981E-5	3.849504427150665E-7	5.698879503520367E-7	0.17523521456547433	5.339806851906376E-6	0.8246801506137845	2.017752282747571E-6	7.314505887494403E-7	1.2157984387336628E-6	1.8294772736032256E-6
90	90	2.898333372933981E-6	5.414665606155881E-7	8.015973854634224E-7	0.7429946076807054	7.510906676871664E-6	0.256985489572953	2.8381455571471093E-6	1.0288494065807843E-6	1.7101271383916572E-6	2.573320243706141E-6
91	91	1.9104019334191836E-6	0.9998445231714915	5.283633723138194E-7	1.391540864098809E-4	4.95072470655829E-6	3.560985058317413E-6	1.8707298512766383E-6	6.78153836230171E-7	1.1272099414391467E-6	1.6961733990960454E-6
92	92	3.6576949859764546E-6	6.83330476173855E-7	1.0116154218013005E-6	0.3457202722434673	0.20220195012870276	0.09747459961647024	3.581737998393049E-6	1.2984073367536332E-6	0.35458969769652954	3.247528610964263E-6
93	93	1.093773505558807E-6	2.043387360743309E-7	3.025069477972274E-7	0.26306836554720425	0.27275679455543594	0.09649483207919092	1.0710598181410989E-6	3.780307669133827E-5	0.3676385619424704	9.711199995722581E-7
94	94	4.009898883478625E-6	7.491291985695653E-7	1.1090251007651698E-6	0.3139929518484398	0.2987600612492788	0.02195419031192564	3.926627905206558E-6	1.4234325579115866E-6	0.36527801823962025	3.560237089505177E-6
95	95	2.0991596857479376E-6	3.9216495446630764E-7	5.805684506411315E-7	0.3751245947187803	0.2811264992720888	0.019391572097358336	2.055567793368378E-6	7.451589997094741E-7	0.3243495975276425	1.8637642462222142E-6
96	96	2.908715065306068E-6	5.434060680975699E-7	8.04468669194916E-7	0.5635733953662218	0.21771064879143814	3.039178773920945E-4	0.005674273049282971	1.0325346962496925E-6	0.2127298932534117	2.5825377544985507E-6
97	97	1.5561112879360165E-6	2.9071266779806716E-7	4.303765576272936E-7	0.5488085969541439	0.23900691095615062	2.9005880639481854E-6	0.00873125031125576	5.523878619752893E-7	0.2034461299898342	1.3816121761906785E-6
98	98	2.650048580963947E-6	4.950820026428522E-7	7.329288044257495E-7	0.8891113600327725	0.06418738733101075	4.939684804306174E-6	0.04668757767142387	9.407133545769344E-7	1.56362964960621E-6	2.3528775964429372E-6
99	99	1.0711809132560162E-4	1.931244284589857E-7	2.859050737054583E-7	0.8612680123711397	0.06966473223628727	0.005129336917080025	0.06382842662218162	3.6695886333291773E-7	6.099496261017704E-7	9.178239940480992E-7
100	100	1.7256813125054585E-6	3.223917351008636E-7	4.772748508385518E-7	0.33164119427229954	0.35955947233597324	0.20950259215283515	0.09929105292451763	6.125817723036763E-7	1.0182177358512375E-6	1.532166967790986E-6
101	101	2.544631480061564E-6	4.7538798276621617E-7	7.037734031680458E-7	0.2199725610914872	0.0204620375720578	0.3117979252657858	0.44767204383463977	9.032924275297842E-7	1.501429542887209E-6	8.930372119306578E-5
102	102	2.077085851494474E-6	3.8804112136124204E-7	5.74463449749941E-7	0.13493516339030764	0.470931833485829	3.871683519905325E-6	2.0339523521631964E-6	0.39412098817203745	1.2255598050179693E-6	1.8441657262344497E-6
103	103	1.3944461379534462E-6	2.60510388947083E-7	3.8566453010252476E-7	0.12087783325669398	0.49255324882107154	2.5992445751943674E-6	1.365488576321778E-6	0.38656085171584276	8.227763603072392E-7	1.2380758228377844E-6
104	104	1.416335291515596E-6	2.645997200105023E-7	3.9171845351564286E-7	0.418554670622326	0.2867715822484493	2.6400459099347086E-6	1.3869231719801917E-6	0.2946655543045108	8.356917950507453E-7	1.257510371846221E-6
105	105	1.8740293849008884E-6	0.9230495820904839	5.18303749750321E-7	8.294516472565423E-6	0.008594938909052798	3.493186706807812E-6	1.8351126279636357E-6	0.0683366942231764	1.105748751744934E-6	1.6638795931828338E-6
106	106	1.579996620268418E-6	2.9517492492416634E-7	4.3698256787006847E-7	0.29602289107976104	0.16198321558030337	2.945110271584564E-6	1.5471858517030583E-6	0.5419847538124267	9.322582157458621E-7	1.402819056597399E-6
107	107	3.837257713721467E-6	7.168763800076926E-7	1.0612774152873623E-6	0.3254140491080457	0.16408672165924523	7.152640051520045E-6	3.7575718630332756E-6	0.5104770325254613	2.264128279554983E-6	3.406955544607021E-6
108	108	2.6297853265942446E-6	4.912964220216227E-7	7.273245589392163E-7	0.3136028039795603	0.6088378537251028	4.901914142132351E-6	0.0774558145896172	9.089082509107572E-5	1.5516735573452697E-6	2.334886621643466E-6
109	109	1.8319859964980573E-6	3.422515732258792E-7	5.066757325820902E-7	0.540071546211194	0.2856405272070602	3.4148179220591702E-6	0.1742784730403341	6.503177732978705E-7	1.080941550417076E-6	1.6265508636787177E-6
110	110	1.630491273722201E-6	3.0460833468662525E-7	0.0360306892085163	0.39048352939831926	0.5545129386398451	3.0392321960489182E-6	0.018964879926941305	5.7879124433021E-7	9.620519855107188E-7	1.4476513437128072E-6
111	111	3.346201709805062E-6	6.25137310929835E-7	9.254651541681261E-7	0.04133625117751347	0.8694758852345849	0.07932966794615733	3.27671330175089E-6	6.879707827654719E-4	1.9743865243070324E-6	0.00916007695497793
112	112	1.9317360853416503E-6	3.6088688206634017E-7	5.3426379790386E-7	0.047717639319916856	0.8516320753738422	0.07216194647998685	1.8916209706556887E-6	0.0022473741471324736	1.1397979040654914E-6	0.026235106373481656
113	113	3.055558683621526E-6	5.708393888122019E-7	8.450814784779637E-7	1.352400449981709E-5	0.7977180864894227	0.09020798526975844	2.992105871431871E-6	1.084661194524491E-6	1.8028960631674319E-6	0.11205005309363907
114	114	1.7288450066235832E-6	3.229827763485606E-7	4.781498395328053E-7	7.651925578909844E-6	0.8345114898387418	0.08794255523229387	1.6929431998285359E-6	6.137048193783958E-7	1.0200844359415374E-6	0.07753244629330773
115	115	1.5328569870176497E-6	2.863682999432949E-7	4.2394507290196245E-7	0.4566070874957972	0.49802759177291	0.04535876699313772	1.5010251367468012E-6	5.44133058051166E-7	9.044440357523568E-7	1.3609655646361592E-6
116	116	1.780330110499549E-6	0.9999769088094386	4.923891692947606E-7	7.879800363388492E-6	4.613649153979265E-6	3.318531462651325E-6	1.7433591458302586E-6	6.319809842479035E-7	1.0504626091991132E-6	1.580687562242149E-6
117	117	1.3615193284252292E-6	2.543590033011867E-7	3.76557901901659E-7	0.7221299258628642	0.1658521711405807	0.11080116782487746	8.396583145590395E-4	4.833116735914122E-7	8.033482879258155E-7	3.737977609233925E-4
118	118	3.431031163040145E-6	6.409851470383512E-7	9.489265918890389E-7	0.8708678907822293	8.891370161792624E-6	0.12910854845572522	3.359781156561066E-6	1.2179462890704667E-6	2.0244391343576795E-6	3.0462824018411985E-6
119	119	1.6114373725386123E-6	3.0104868539419654E-7	4.456781944850558E-7	0.8531944891209913	4.175970864424259E-6	0.1467944451991353	1.5779736941929247E-6	5.720274968921645E-7	9.508094577150628E-7	1.430734107726365E-6
120	120	0.07245364745765986	4.2823455520515103E-7	0.007528047496602692	1.0145491297687827E-5	0.9199970125920024	4.272713840805254E-6	2.2446298417590192E-6	8.136954339328075E-7	1.3525037143952598E-6	2.0351850513373797E-6
121	121	0.08226839451759273	1.6616088850295789E-7	2.45987736784379E-7	3.4360963142840645E-5	0.9141025973208294	1.657871648790632E-6	0.0035605226102044933	3.157250031079436E-7	3.094916320358672E-5	7.89679749772069E-7
122	122	3.248050654274319E-6	6.0680073344868E-7	8.983193364272657E-7	0.20922765717848524	0.7906412950415684	6.0543593712910356E-6	1.1428696331002568E-4	1.1529919295693735E-6	1.9164736612484274E-6	2.883820950095194E-6
123	123	1.204699654570343E-6	2.250619561664375E-7	3.331859966111192E-7	0.3151738302471202	0.6848187734955933	2.245557541918504E-6	1.1796824355144178E-6	4.276438784742261E-7	7.108187043391319E-7	1.0696071189193296E-6
124	124	2.4233418796554516E-6	4.5272866297104203E-7	6.702281155633208E-7	1.0725791869332321E-5	0.9999743960931026	4.517104005021126E-6	2.373017905193651E-6	8.60237085943621E-7	1.4298640565990663E-6	2.1515933172399455E-6
125	125	6.986458059918476E-7	1.3052099016337966E-7	1.932257540412371E-7	3.0922296058845433E-6	0.9999926184322893	1.3022742663060337E-6	6.841374801160217E-7	2.4800505339288285E-7	4.122276492095535E-7	6.203011056382595E-7
126	126	0.5522538722703642	4.3315937407278575E-7	6.412573684161903E-7	0.024993637064431643	0.13872322343776708	3.215710563046849E-4	0.11373611045149919	0.08438911159449784	0.08557934111813618	2.058590256774743E-6
127	127	0.681577418878191	7.033963739930338E-7	1.041321358231693E-6	0.0799972462903487	0.23840598407462035	7.018143179250177E-6	3.6869152020987116E-6	1.3365348751196256E-6	2.2215540454505856E-6	3.342891805706201E-6
128	128	0.6207989065786751	4.6861676252076203E-7	6.93749160047691E-7	0.11310158635258839	0.2337382749000737	0.03235301593425971	2.4562968044432802E-6	8.904263219600459E-7	1.4800438316650546E-6	2.227101522509041E-6
129	129	0.8956500479195018	5.92193907962197E-7	8.766951144133086E-7	0.061169579466482236	0.04316408108801631	5.90861964835713E-6	3.1040374994564483E-6	1.1252372632115624E-6	1.8703405655281922E-6	2.8144020007921822E-6
130	130	0.861819628057122	4.448736463568281E-7	6.58599399703994E-7	0.09409361342012182	0.04407451984471719	4.4387305113379075E-6	2.331845130868303E-6	8.453116412900706E-7	1.4050553646842552E-6	2.114262344769505E-6
131	131	0.42591772178594567	5.669284684952255E-7	0.0011427017237458958	8.438767543242888E-4	0.0171358005803577	0.5406256152799738	2.971606431707719E-6	1.077229991307193E-6	1.7905441074667048E-6	0.014327877566653817
132	132	0.10578343579746641	5.103489112305221E-7	7.555302260058227E-7	1.2090898258299727E-5	0.00953855612569131	0.8483999788295944	0.036259665466503735	9.697222555566914E-7	1.6118475019984916E-6	2.425433591189496E-6
133	133	3.2613295557489407E-7	6.092814974551124E-8	9.01991906602693E-8	0.04697961020220135	0.014425630146001392	6.079111214824487E-7	0.9385930767178627	1.157705669551734E-7	1.9243087191447492E-7	2.895610782934275E-7
134	134	2.904668915201438E-6	5.426501664468668E-7	8.033496180273202E-7	0.35433158819747573	0.025245036561411034	0.12609360020621033	0.494320200457127	1.031098395245481E-6	1.7138653497613994E-6	2.5789453313250987E-6
135	135	7.564800283478589E-7	1.4132557798527199E-7	2.0922107116514645E-7	0.3810160138715172	0.003702368643520823	0.2192829455872702	0.3959961783340262	2.6853502620646873E-7	4.46352044319655E-7	6.71649917530478E-7
136	136	3.5168855254016644E-6	0.6827168996185355	9.72671490609905E-7	1.55658524661361E-5	0.05330308662796008	6.555466987700209E-6	3.4438526368723117E-6	1.2484228417655087E-6	2.0750964798496917E-6	0.2639466355050761
137	137	1.875833141766822E-6	3.504430956929639E-7	5.188026181004033E-7	0.2342171010635766	0.11589009133455974	3.4965489056917567E-6	1.8368789273766123E-6	6.658826181881473E-7	1.106813037032575E-6	0.6498829563995198
138	138	2.605874744793457E-6	0.8019876087372312	7.207115654045843E-7	1.153368840973359E-5	0.013199383227457869	0.026835814741139715	2.5517602283034098E-6	9.250325410601655E-7	0.061151161398762845	0.09680769482791923
139	139	1.6886982646032019E-6	3.154825631140521E-7	4.6704638133888654E-7	0.1573028066744069	0.258735846625133	0.04956590763927116	1.6536301592504149E-6	5.994535423895075E-7	0.172719705171407	0.36167100957887116
140	140	2.90149768559106E-6	0.8667664594616185	8.024725452281307E-7	1.284212539149609E-5	7.519106857460173E-6	9.979263258498956E-4	2.841244158568526E-6	1.029972673224254E-6	0.019256560039131506	0.1129511177540887
141	141	2.4606699273471114E-6	4.597022878089733E-7	6.805520022885384E-7	0.385183605814792	0.027446565756312696	4.586683404916443E-6	2.4095707854462817E-6	8.734877837670759E-7	0.0808069165340077	0.5065514412286961
142	142	3.992920282884684E-6	0.564101692708645	1.104329298007617E-6	1.767279815720669E-5	1.0347481726222388E-5	0.43585396121694103	3.910001888236851E-6	1.417405499979336E-6	2.355975127279166E-6	3.545162434178705E-6
143	143	1.593778877285403E-6	2.9774972579910934E-7	4.4079435201255867E-7	0.0399691427387685	3.312414398114759E-4	0.9596928016114009	1.560681901496881E-6	5.657590901822826E-7	9.403902725938206E-7	1.4150557997260424E-6
144	144	2.279896136911994E-6	4.259301332768468E-7	6.305550629694385E-7	0.21315297183136295	5.9082530937327985E-6	0.7602372549741532	0.02659634978440624	8.093167643973293E-7	1.3452256020157666E-6	2.024233284359556E-6
145	145	2.625062455726333E-6	4.904140954166294E-7	7.260183458669199E-7	0.13434605927989687	6.80273681076271E-6	0.7086729450735445	2.570549480445525E-6	0.0053886767902871485	1.548886883556202E-6	0.1515775551881998
146	146	1.0839991190510884E-6	2.0251268545714318E-7	2.9980362776432007E-7	0.44663889052494543	2.8091372431604946E-6	1.8742285208397957E-4	1.0614884100002063E-6	3.847976429436122E-7	0.5531668824425495	9.624416926166098E-7
147	147	3.450469550585495E-6	0.6321721329727479	9.54302702442603E-7	1.5271893149599906E-5	8.94174390974219E-6	0.20892045974660756	3.378815879676472E-6	1.2248465213479827E-6	0.15887112166792255	3.0635410086814525E-6
148	148	2.1369066714320617E-6	3.9921684528841084E-7	5.910082038165536E-7	0.05190858361660523	0.04408324577905793	0.4078141546019537	2.0925309117989688E-6	7.585584120006871E-7	0.49618614050297616	1.8972783627510223E-6
149	149	3.588109131283787E-6	0.6097668992534642	9.923699341331881E-7	0.009098550361915462	9.298430982155156E-6	0.11795864998186514	0.2631554449198421	1.2737057734429595E-6	2.1171211214766935E-6	3.18574597055842E-6
150	150	1.2513686857413294E-6	2.337806632797725E-7	3.4609333629747964E-7	0.14057939808340172	0.007965099708741022	0.2701489912583286	0.5813023860984154	4.4421043547362453E-7	7.383552111720772E-7	1.1110427811478196E-6
151	151	3.386907945789862E-6	0.8852583671157966	9.367233526356273E-7	1.499056736984008E-5	8.777026735965552E-6	0.0389340188230856	0.0757733150404434	1.2022834442409798E-6	1.9984047547526602E-6	3.0071070712088024E-6
152	152	2.25788497208532E-6	4.2181800807236174E-7	6.244673946767448E-7	0.3557575156536835	5.8512121037603336E-6	0.28878840005819323	0.3554407904738141	8.015032485052115E-7	1.332238175976642E-6	2.0046904061782604E-6
153	153	1.8970133377550104E-6	3.543999793220128E-7	5.246604638148692E-7	0.307268734931539	4.916028734898489E-6	0.3104435487595087	0.3822765472089469	6.73401157041272E-7	1.1193101597908136E-6	1.6842861729476824E-6
154	154	3.533463811274164E-6	6.601216115499801E-7	9.77256577589533E-7	0.2329311975787308	0.04364305228672912	0.008225713492807525	0.004233893165146061	1.2543077961124895E-6	0.710956581098326	3.1372284640777167E-6
155	155	3.4582248964438307E-6	6.460654795611367E-7	9.56447612693943E-7	0.3079393052614588	4.821450901813057E-4	0.004856574422111567	3.386410175280119E-6	1.227599511414167E-6	0.686709230051887	3.0704266860436793E-6
156	156	2.6855923036760707E-6	5.017222799374291E-7	7.42759197113404E-7	0.147732895470217	0.08544261775825576	9.68722373240956E-5	0.03950513843439128	9.533306533188736E-7	0.7272152082598585	2.384435519367171E-6
157	157	2.97502146377472E-6	0.5888234259777438	8.22807151630483E-7	0.09750578932710614	7.709640576467611E-6	0.06981758984185564	0.19437755583566213	1.056072119292206E-6	1.755376034382332E-6	0.049461320100286706
158	158	7.212880807647333E-5	3.8273829852481014E-7	5.666130500568797E-7	0.2601464244053222	0.03392408085734464	0.12124240369890761	0.5628854247191842	7.272472576428454E-7	1.2088117694008566E-6	0.021726652100789296
159	159	1.9644479267250752E-6	3.669981073693685E-7	0.5372489378678909	8.6947119500903E-6	0.4060828954489302	3.661726672559683E-6	1.9236535063727534E-6	0.056648651887092616	1.15909913704958E-6	1.7441587861339997E-6
160	160	1.5025250445064755E-6	2.807016872817951E-7	0.522913597768326	6.6502258889393945E-6	0.4309678246167349	2.8007034224777745E-6	1.4713230780803805E-6	0.046103651553800314	8.865470337949923E-7	1.3340349836257623E-6
161	161	3.093387870482023E-6	5.77906636455803E-7	0.4367026579146584	0.25545303016389803	0.17301684770651335	0.11471009215740571	3.029149484020137E-6	0.020106099895076487	1.8252167249924505E-6	2.746501732024096E-6
162	162	2.1445880941018925E-6	4.006518884592582E-7	0.40377468874635747	0.26535304286039285	0.19969180184147026	0.0985266374801524	7.546017193518828E-5	0.03257265417260228	1.2653887005008884E-6	1.9040984065187027E-6
163	163	3.4134040505578287E-6	6.376920503716549E-7	9.440514290071409E-7	1.5107840012002168E-5	0.2062116351229325	0.38999351812991817	0.40376848740016114	1.2116890226060487E-6	2.0140384662671844E-6	3.0306319574125402E-6
164	164	2.567200997812085E-6	4.796044194485002E-7	0.023623342322685415	0.12031993597752383	0.20953676686178263	0.026086278919673515	0.620162474311046	2.6436073508255136E-4	1.5147464184288607E-6	2.2793203704668934E-6
165	165	3.8112437117125337E-6	7.120164448714644E-7	1.0540826749615825E-6	0.0679404507921035	0.22020743937668924	0.11603779142341696	0.23571551028945115	1.3529140118069862E-6	0.01747203764940543	0.34261984021209035
166	166	3.5489061759269654E-6	6.630065536875575E-7	9.81527500750635E-7	1.570757693181646E-5	0.06823473508879928	6.615153410794496E-6	0.06907879774319053	1.2597895215266906E-6	2.0939898838879027E-6	0.8626555972180319
167	167	2.1637951830588463E-6	4.0424015628727256E-7	5.984448088738988E-7	0.4957763656583371	5.607382449372096E-6	0.5042087756414645	2.1188610470844776E-6	7.681032868206093E-7	1.2767216149204394E-6	1.9211516521174173E-6
168	168	2.4360640167498132E-6	4.551054122713444E-7	6.737467003912711E-7	0.5727424247306769	0.0035895314383775053	0.393325267315141	0.030334746587066926	8.64753185893408E-7	1.4373706022941126E-6	2.162888820108542E-6
169	169	1.8348606226750394E-6	3.427886108088024E-7	5.074707732248169E-7	0.6461763025399676	4.7549626384172234E-6	0.35381109754109746	1.7967572581057818E-6	6.513382071320005E-7	1.0826376894064331E-6	1.6291031352025512E-6
170	170	1.9874186390933614E-6	3.7128949521905374E-7	5.496640240890605E-7	8.796381088077372E-6	0.18900014026854076	3.704544030567678E-6	1.9461472008046538E-6	7.054932005247178E-7	1.1726527327042544E-6	0.8109806261410482
171	171	0.6172177255651996	1.0815935343428011E-7	1.6012116210420177E-7	0.056385069554695626	0.25333660073725683	1.0791608496185108E-6	0.07305819555638589	2.0551534423567654E-7	3.416023426609594E-7	5.140274099700102E-7
172	172	0.9997247669297846	3.4512811220733487E-7	5.109342155511899E-7	8.176580372664018E-6	4.787414830210583E-6	3.4435186137018462E-6	1.8090199645832336E-6	6.557835317386365E-7	2.5386446895732514E-4	1.6402216173894807E-6
173	173	0.9999811375876898	2.898640466884799E-7	4.291202428108794E-7	6.867295334870205E-6	4.020824113648628E-6	2.8921209397601435E-6	1.5193484069455715E-6	5.507753832212585E-7	9.154847385634199E-7	1.3775791037179213E-6
174	174	0.8723512653583422	2.897102839530557E-7	4.2889260953550663E-7	0.12763674588767238	4.018691207131117E-6	2.8905867707869453E-6	1.5185424457724516E-6	5.504832161501921E-7	9.149991059392679E-7	1.376848346200144E-6
175	175	0.9442738875360466	3.5664486501058343E-7	5.279838352462955E-7	0.05571135383167963	4.947168473034727E-6	3.558427110705315E-6	1.8693860576696483E-6	6.776667008006166E-7	1.1264002374019722E-6	1.6949549939006097E-6
176	176	0.9941259966297117	4.314484157364198E-7	6.387244331828335E-7	0.005777150205477193	5.984799472743442E-6	4.3047801610203315E-6	2.2614755800770806E-6	7.981882369335625E-5	1.3626541290529629E-6	2.0504589259717794E-6
177	177	0.9999776262050011	3.4382446165883536E-7	5.090042665067888E-7	8.145695019919208E-6	4.769331354108383E-6	3.430511429497669E-6	1.8021867632714296E-6	6.533064441569258E-7	1.085909242589613E-6	1.6340260171600623E-6
178	178	0.9059985106430642	2.184280278337469E-7	3.2336500304728614E-7	0.03276074025779091	3.0299055417332244E-6	0.050235378540430746	0.010999655875523049	4.1503864349788966E-7	6.898666055373486E-7	1.0380793694413189E-6
179	179	0.9483998249391828	2.1993216017220747E-7	4.059558655607396E-5	5.210508563560162E-6	3.0507699836869405E-6	0.05154778772783108	1.1527941495719898E-6	4.178966697850251E-7	6.9461714364779E-7	1.0452277595309545E-6
180	180	0.8946711688753892	4.873507535967887E-7	7.21483316426185E-7	1.1546038892562376E-5	6.760243929019423E-6	0.10530198014525176	2.554492699457758E-6	9.260230826899176E-7	1.5392118558419807E-6	2.316134829434849E-6
181	181	0.9007702549941154	2.30087272306165E-7	3.4062557011710445E-7	1.3183934292621943E-4	3.191635745451816E-6	0.09909067991850473	1.206023080925673E-6	4.3719256329487577E-7	7.266902837396681E-7	1.0934899377192237E-6
182	182	0.9752489581094314	3.825506341994542E-7	5.663352282235627E-7	9.063173634682988E-6	5.306518115141848E-6	0.024729964957565288	2.0051734711052683E-6	7.268906736101042E-7	1.2082190645525014E-6	1.8180721817962213E-6
183	183	0.9899817105049128	4.5085995048115345E-7	6.67461638083392E-7	1.0681519388110056E-5	6.254064902092929E-6	0.009993449005696708	2.363222881019429E-6	8.566863149890745E-7	1.423962056041217E-6	2.1427122597016376E-6
184	184	8.108674496995306E-7	1.5148623453881032E-7	2.242631002031879E-7	0.12007886396591119	2.101328231900682E-6	1.5114551666559676E-6	0.8799148504113099	2.8784145475802E-7	4.784426954880823E-7	7.199384455770481E-7
185	185	1.6597437571822387E-6	3.100732828380303E-7	4.5903838002931667E-7	0.06439020173164478	4.30115478920792E-6	3.093758761740482E-6	0.9355401573835408	5.891752810769586E-7	9.793120654923819E-7	5.824862849678653E-5
186	186	1.7867005132186024E-7	3.33791340491396E-8	4.941510432777983E-8	0.030834734133535404	6.574798401129907E-6	3.3304058794958543E-7	0.9691577690824521	6.34242347663991E-8	1.0542213895637435E-7	1.5863436011335297E-7
187	187	1.6124191635286278E-7	3.012321035598125E-8	4.4594973022280683E-8	0.17936305743069778	4.178515133682952E-7	3.0055458218646125E-7	1.5789350969640417E-7	5.7237601272781575E-8	9.513887518128134E-8	0.8206356779331209
188	188	1.2406411744557515E-6	2.317765499179315E-7	3.431264087937799E-7	0.19165877316493227	3.215068414089528E-6	2.312552456991737E-6	1.2148775810875528E-6	4.4040238712303654E-7	7.320255707144999E-7	0.8083314963645246
189	189	2.1445481596708723E-7	4.0064442790995884E-8	5.931216242568942E-8	0.26109942312927215	5.557504613432091E-7	0.001188811543129209	2.1000137141906817E-7	7.612709849273603E-8	1.2653651376647834E-7	0.7377104830807325
190	190	2.2638298185577473E-6	4.229286241260127E-7	6.261115717868662E-7	0.34902773512181906	5.866617918522605E-6	0.007515805837227949	2.216818327966432E-6	8.036135481079031E-7	1.3357458619388602E-6	0.643442923375282
191	191	1.781306443170924E-6	3.32783620474192E-7	4.926591954152978E-7	0.06094119491090846	0.0038434147590018803	3.3203513446321243E-6	1.7443152036321102E-6	6.156563835175558E-5	1.0510386826808628E-6	0.9351451022372478
192	192	5.423050605330318E-7	1.0131341641834576E-7	1.49986306857035E-7	0.06496687569648454	0.005232696643299911	1.0108554560305255E-6	1.908172167032509E-5	1.9250726811676374E-7	3.199806516273354E-7	0.9297790289903856
193	193	0.048443120881539514	3.1798065148375224E-7	4.7074459883089876E-7	0.1411979668534313	4.410841171115082E-6	0.8103489262849018	1.6667241135654605E-6	6.042002006759037E-7	1.0042861021142237E-6	1.5112032895248934E-6
194	194	0.011575737393513759	5.852137702509096E-7	8.663615859066148E-7	0.04909028159795326	8.117742320740196E-6	0.9393156027422686	3.067450481393795E-6	1.1119741901716583E-6	1.8482950251420737E-6	2.7812288909774385E-6
195	195	0.03742432479868349	2.714246606011514E-7	0.013717151693426981	0.27796940880803983	3.7650437605216045E-6	0.6531883732041458	0.017694042095796694	5.157384062155251E-7	8.572471725586573E-7	1.2899459072263597E-6
196	196	0.036584092000427164	7.538859784625843E-7	0.010353962285912703	0.265740913589757	1.045746430360734E-5	0.6701817671329511	0.017120657309384318	1.4324709926481736E-6	2.381016603418849E-6	3.5828436895870804E-6
197	197	1.4357424955716426E-6	2.682253733357976E-7	3.970859395942833E-7	0.04636862407037447	0.21565703110024761	0.20175712834284812	1.4059273591736608E-6	5.096593885182945E-7	8.471427850046555E-7	0.5362123527031886
198	198	1.2272042803367684E-6	2.292662697300466E-7	3.3941014230245416E-7	8.938982288555276E-5	0.19869020343997065	0.23491726358604414	1.2017197222636579E-6	4.356325629648824E-7	4.270318522536328E-5	0.5662570067328966
199	199	1.1520497366864714E-6	2.1522589996272542E-7	1.18543433476321E-4	0.17225864567137514	2.9854875012556946E-6	2.1474182092333926E-6	0.14155563272569277	4.089542283196915E-7	0.686059246172626	1.0228612542837233E-6
200	200	0.027501159056054512	4.635258622065939E-7	6.862124944836114E-7	0.2840791142984875	0.0016190065505794736	0.08818711359352778	0.009932507749991545	8.807530195842925E-7	0.5886768653529681	2.2029070148699265E-6
201	201	0.0681470739787994	2.2048264794765545E-7	3.2640670170649273E-7	0.2176441533059777	3.058406027366993E-6	0.06294026172776607	0.011910538776945267	4.189426605484357E-7	0.6393529001285209	1.0478439531050554E-6
202	202	1.5686360719997578E-6	2.9305254761064434E-7	4.3384056016500916E-7	0.15808481356295181	4.065053129080846E-6	2.9239342342641933E-6	1.5360612205972812E-6	5.56833905612598E-7	0.841902416292922	1.3927324567906451E-6
203	203	2.7268877659602484E-7	5.094370970598671E-8	7.541803589809882E-8	0.0011018979108467842	7.066612736718128E-7	5.082912878398098E-7	0.9988959882803103	9.679897026409142E-8	1.6089676969064938E-7	2.421100193645653E-7
204	204	2.507741325548721E-6	4.6849616511984717E-7	6.935706253637445E-7	0.16874534487637	0.07866908291906496	4.674424389019217E-6	0.23573286070572533	8.901971728797677E-7	1.4796629459315208E-6	0.516841997406216
205	205	0.00701777075395139	6.28012700359786E-7	9.297219353193344E-7	0.1436377808518524	0.07728220250921362	0.013230152125163664	0.2315937844123635	1.1932971324319314E-6	1.983467937371606E-6	0.52723357484775
206	206	2.7782395543449745E-6	5.190306367464318E-7	0.9196592243712605	0.08031728731245338	7.199688694732475E-6	5.178632500513746E-6	2.7205456492648133E-6	9.862185432221494E-7	1.6392672089439127E-6	2.4666934983479204E-6
207	207	1.5462056153257502E-7	2.8886209031483055E-8	0.9728489577799994	0.027149734997717365	4.006925562262147E-7	2.882123911697978E-7	1.5140965627188566E-7	5.488715496414396E-8	9.123202351375495E-8	1.3728173052853625E-7
208	208	1.4675271449336634E-6	2.7416338065101676E-7	0.774985441986662	0.22500215096885376	3.8030336793916267E-6	2.7354674136195633E-6	1.4370519572667293E-6	5.209422926658563E-7	8.658969393631068E-7	1.3029616763592681E-6
209	209	7.947313914457909E-7	1.4847169658188076E-7	0.8241542815538844	0.17581181402958557	2.0595123287308833E-6	1.481377589086275E-6	7.782277183227913E-7	2.821134822225117E-7	4.6892180621285904E-7	2.789106051746835E-5
210	210	1.3703266354044968E-6	2.560043841476013E-7	0.8763263969361494	0.1236620177902274	3.5511427261853354E-6	2.5542858747824933E-6	1.3418699478923633E-6	4.864380884627358E-7	8.085449346684036E-7	1.2166610315798334E-6
211	211	4.401381515728002E-7	8.222659731050029E-8	0.904449934638403	0.09553128841710702	1.1405991499340882E-6	8.204165594310466E-7	1.548684369005989E-5	1.5624009311283376E-7	2.596982820110291E-7	3.907819666455904E-7
212	212	2.3681784115100423E-6	4.4242302537694917E-7	6.549714538378644E-7	0.20893138598189137	0.016369852689188176	0.026899234071069037	0.7477917210985092	8.406551765620616E-7	1.397315508249098E-6	2.102615766687187E-6
213	213	1.2860503509777434E-6	2.402598910205663E-7	3.556853081653965E-7	0.1843763350979934	0.005370361722050347	3.1034148066934954E-4	0.7961252217165212	4.565217213425779E-7	0.013814259630178103	1.1418353159444497E-6
214	214	1.9489936356919664E-6	3.6411093714575177E-7	5.390367503079904E-7	0.3002876118693324	5.0507334484716E-6	0.030204871920360733	0.6694960410644056	6.918531057321128E-7	1.149980516415002E-6	1.73043750743673E-6
215	215	7.645320270537217E-7	1.4282985216092735E-7	2.1144802723950602E-7	0.19740182187802	1.981251970634099E-6	0.03258733576305601	0.7700063410017127	2.7139332200076167E-7	4.511030303979925E-7	6.787989817014905E-7
216	216	1.3436222082247437E-6	2.510154638000455E-7	3.716080624891172E-7	0.07575034488551094	3.4819393480372246E-6	0.1855487026886856	0.7386930415426721	4.769585598779492E-7	7.927883049922701E-7	1.1929511838100889E-6
217	217	0.10762999333694039	1.87798485639993E-7	2.7802044675088044E-7	0.34317930583871875	2.6050304899644863E-6	0.10003149880267709	0.04239924069689961	3.5683895287607593E-7	5.931285700758419E-7	0.4067559405078188
218	218	2.4798737148435384E-6	4.632899388582234E-7	6.858632290755896E-7	0.06108804658972681	0.052261253543386205	4.622479223137527E-6	2.428375780300345E-6	8.803047377980755E-7	1.4632199936493188E-6	0.8866376764602693
219	219	1.0474131965076285E-6	1.956777044188847E-7	2.8968499195469384E-7	0.02443998527617885	0.058511402822969495	1.952375925401527E-6	1.0256622436625033E-6	3.7181038445583344E-7	6.180137002818308E-7	0.917043111262705
220	220	1.5437034074869388E-6	2.8839462791555E-7	4.269448873370485E-7	0.04035031258942916	0.010301092876817257	2.8774598017162296E-6	1.5116463166129047E-6	5.47983316743822E-7	9.108438371596605E-7	0.9493404875575586
221	221	4.783519249789597E-7	8.936569340193115E-8	1.3229867066891876E-7	0.045524060012429444	0.007151882694053066	0.0027171542302016553	4.684182997408167E-7	1.698052055527254E-7	2.822458645536365E-7	0.9446052825776569
222	222	2.7742847216433438E-6	5.182917950104329E-7	7.672890220869284E-7	0.2342259940736718	7.189439915340158E-6	0.7657549550174128	2.7166729440176486E-6	9.848146580389621E-7	1.6369337069409975E-6	2.4631821524321554E-6
223	223	0.004153874356087212	6.126547396707812E-7	9.069857184782422E-7	0.23525228907480641	1.2067662980417975E-4	0.7604624182942057	3.2112847845763876E-6	1.1641152218755164E-6	1.9349625128911723E-6	2.9116421191457598E-6
224	224	1.6261378272804864E-6	3.037950239427224E-7	4.497439262591343E-7	0.05062635128537543	4.214066462641112E-6	0.9493624820872809	1.5923688740929707E-6	5.772458593755438E-7	9.594832862109644E-7	1.4437860837799878E-6
225	225	1.8709884487531216E-7	3.4953801027806175E-8	5.174627124534474E-8	0.06651074137411431	4.848586350804745E-7	0.9334879738251498	1.832134840971308E-7	6.641628506904677E-8	1.1039544835351496E-7	1.6611796613454744E-7
226	226	0.03811840711398186	6.802663607529927E-7	1.0070792471069134E-6	0.17340093355202013	9.436256128581595E-6	0.7160910641660594	0.05879496916488421	1.2925851612736458E-6	2.1485019564939152E-6	0.013580061314200219
227	227	0.05907512388333266	5.823433576478568E-7	8.621121725445183E-7	0.10312323792940656	8.077925639981306E-6	0.8304260062638822	0.007360396205552574	1.1065200725620033E-6	1.839229330512139E-6	2.7675872528847237E-6
228	228	0.9831251823103331	5.783350153278587E-7	8.561781464061361E-7	1.3701586651142742E-5	0.016845205841508334	5.770342431684125E-6	3.0313948703116164E-6	1.0989037562143896E-6	1.8265696845063001E-6	2.7485376029413766E-6
229	229	0.8590560151483073	7.321569091814266E-7	1.083899001041868E-6	0.12790993318851282	0.005238469370341125	7.305101658603958E-6	3.837666127646745E-6	1.3911832351732601E-6	2.3123891501787925E-6	0.007778919896756821
230	230	0.8050219080924974	1.3449707585316747E-7	1.9911202685130486E-7	0.11798955837323975	0.07698483345802312	1.3419456943878835E-6	7.049784899883174E-7	2.5556007839350664E-7	4.247854183078824E-7	6.391974559218466E-7
231	231	0.8863244490893043	3.8102933363327294E-7	5.640830659571273E-7	0.08247384829614227	5.285415525598611E-6	0.031189736630661505	1.997199437698507E-6	7.240000256946222E-7	1.203414303606748E-6	1.8108421996912043E-6
232	232	0.8363931342742317	3.419087513819647E-7	5.061682126099441E-7	0.1609633430411997	4.742757744293696E-6	0.002632785257682033	1.7921453959801603E-6	6.496663719439745E-7	1.0798588077667355E-6	1.6249216026031547E-6
233	233	0.8590590054189597	6.059255450637733E-7	8.970236909116285E-7	0.12638197929063194	8.405043918007702E-6	6.045627171892248E-6	3.1760131073091073E-6	1.1513289699039902E-6	1.9137095322751953E-6	0.014536820618472975
234	234	0.8136966956380338	3.65035732273734E-7	5.404058345887208E-7	0.17525980747151074	5.063561664296421E-6	0.003746611223358637	1.913367541247226E-6	6.936103239757504E-7	0.007286574853403389	1.7348325969902048E-6
235	235	0.8857952783566201	5.320248769509611E-7	7.876197375522878E-7	0.07658060733873827	7.379937176563216E-6	0.03750999163977692	1.0020341809171175E-4	1.01090911009335E-6	1.6803072369583513E-6	2.528448634864347E-6
236	236	0.7466201645788964	3.7096164320595147E-7	5.491786657389106E-7	8.788613803290499E-6	0.10888696352088821	0.06385205354546954	0.012024453314104823	7.048702435894953E-7	1.370191752964152E-4	0.06846893224098881
237	237	0.86012839798827	4.6797429284735003E-7	6.927980357347489E-7	0.13308296503529807	6.491465025569424E-6	0.006773940541392037	2.4529292420085417E-6	8.892055548983005E-7	1.4780147039145865E-6	2.224048184894473E-6
238	238	0.9789393228203962	4.1772061545689494E-7	6.184015367887872E-7	8.638183630959323E-5	5.794375475625281E-6	0.004057895883736789	2.18952008327144E-6	7.937177262447808E-7	1.319297280235289E-6	0.01690526642683975
239	239	0.07364583659332598	2.401225657583358E-7	3.554820092376899E-7	0.5301585242575872	0.008137206652251417	0.001980906157742472	0.3643109612447832	4.56260787381312E-7	7.583849975457625E-7	0.021764754843949748
240	240	0.11024101410634746	3.9924602911912796E-7	5.910514081141081E-7	0.46179923741412543	0.027565257367710858	3.983480580371709E-6	0.3819637190446845	7.586138646714502E-7	0.016449369260728104	0.0019756704145214516
241	241	0.1755175876168592	4.568948597829085E-7	0.015059172847400156	0.30728781042065206	8.999609124558976E-5	4.5586722684067205E-6	0.48881792133600993	8.681533441751808E-7	0.01321945657418994	2.1713931707767018E-6
242	242	0.1725937504663673	4.529539499683227E-7	6.705616347150737E-7	0.23264824636308423	6.2831116353051606E-6	4.519351807912636E-6	0.5897654297523696	8.606651574263715E-7	0.004977634109999801	2.1526639938669326E-6
243	243	0.2143455741167214	4.462914388619918E-7	6.606983266700042E-7	0.07845870817705303	0.002457694908570559	4.452876547865251E-6	0.6595386900218809	8.480056118575863E-7	1.4095332135784364E-6	0.04519151537063528
244	244	0.19012529769845332	3.628047863303578E-7	5.371030998209681E-7	0.05122631278119987	0.011231743695889976	3.619887776971872E-6	0.6779225323100593	6.893712673526656E-7	1.145855268211866E-6	0.06948775849219886
245	245	1.1759625435814795E-6	2.1969328988585133E-7	3.252381210321529E-7	0.003102626654197417	3.047456515119908E-6	2.19199162939485E-6	1.1515420895349204E-6	4.1744278847407594E-7	6.938627137550398E-7	0.9968881501561118
246	246	6.225051797429481E-7	1.162964004722449E-7	1.7216740116208548E-7	2.7552286582252594E-6	0.013502066919893078	1.1603483042033934E-6	6.09578017038123E-7	2.2097667947826694E-7	3.6730177819059353E-7	0.9864919086776883
247	247	0.04042624432741621	2.168754100987577E-7	3.2106647824904826E-7	0.34270501054415353	8.242896470434392E-5	2.1638762103524225E-6	1.1367719198143338E-6	4.120884893212876E-7	6.849629348081081E-7	0.6167813805222832
248	248	0.04313581843284335	1.8564086443378278E-7	2.748262633173693E-7	0.3061630793215526	2.5751012335659745E-6	1.852233270865514E-6	9.730532463882707E-7	3.527392217770552E-7	5.863141020227925E-7	0.6506943023374017
249	249	1.6587078525696974E-6	3.0987975516694985E-7	4.587518779875719E-7	0.18974446257274863	4.298470286816444E-6	3.09182783779062E-6	1.6242625387189858E-6	5.88807556005771E-7	0.027065753447706564	0.7831777532718396
250	250	2.083896753227257E-6	3.8931353383469315E-7	5.763471533544439E-7	0.1408664961648476	7.668437401720292E-5	3.884379025955562E-6	2.040621816301994E-6	7.397409690532254E-7	0.018606365303474228	0.8404407398584093
251	251	8.493137277473885E-7	1.5866876714097636E-7	2.3489625795231363E-7	3.759090845605513E-6	2.200960113169814E-6	0.12405597839050068	8.316765785262918E-7	3.0148910161747585E-7	5.011274646294722E-7	0.875935184386643
252	252	3.2665603720101975E-6	6.102587184044498E-7	9.034386030655705E-7	1.4457905000086734E-5	8.465151158128916E-6	0.10716429469326012	3.1987258241409785E-6	1.1595625029500533E-6	1.9273951000724408E-6	0.892801716309461
253	253	0.018223416904687057	2.4879706159885477E-7	3.683238977156562E-7	5.894359510834545E-6	3.451166973311134E-6	0.719501514799847	1.3040921201214378E-6	4.727433378231324E-7	7.857818708298151E-7	0.2622625430306937
254	254	1.3943796261215521E-6	2.6049796320848705E-7	3.8564613480298927E-7	0.056098631636859055	3.61347502041434E-6	0.26544013336240674	0.03548843199593559	0.0014791227502647685	8.227371157918191E-7	0.6414872035186734
255	255	1.887014755926722E-7	3.5253204454123344E-8	5.21895137670284E-8	0.0817912337347086	4.890117838755677E-7	3.5173914102216855E-7	1.8478283401826097E-7	6.698518638244361E-8	0.9182072300612713	1.6754088114725114E-7
256	256	8.784064699276279E-7	1.6410387243090502E-7	2.429424911032068E-7	3.8878562914359454E-6	2.276352707248412E-6	1.6373477538013345E-6	8.6016517053408E-7	3.1181643345841135E-7	0.9999889611050307	7.799037793154179E-7
257	257	1.3024952861743883E-6	2.4333213335943145E-7	3.6023351410362557E-7	5.7648875165229316E-6	3.375360692761798E-6	2.427848387011732E-6	1.275447208448197E-6	4.6235933891146367E-7	0.9999836315997727	1.1564361500110717E-6
258	258	7.680471274880001E-7	1.434865431268946E-7	2.124202050241846E-7	3.3994021662540223E-6	1.990361202708038E-6	1.4316381789738581E-6	2.7024755221744853E-5	2.726411111714803E-7	0.9999640753283374	6.819199060198109E-7
259	259	1.0158569153124662E-6	1.8978236083828546E-7	2.809574132926905E-7	4.496216540528993E-6	2.6325496436052846E-6	1.8935550857309367E-6	9.947612713621803E-7	3.6060854636338753E-7	0.9999872337714079	9.019408151230604E-7
260	260	0.07203467436055873	2.2939145510289325E-7	0.010542844008317152	5.434612838273723E-6	0.019492114444181502	2.288755153612133E-6	0.4010783921698606	4.358704297251481E-7	0.007561086222996449	0.48928250016420877
261	261	0.15794856234744514	3.035248846396583E-7	4.4934400690160103E-7	0.009455107689474294	0.05485770344594892	3.028422064182565E-6	0.6118931404209698	5.767325632980618E-7	9.58630098614687E-7	0.16584016944254412
262	262	0.15221857453262982	3.7838941691614484E-7	5.601748830845133E-7	8.964588424259279E-6	0.04732609678980686	3.775383558427035E-6	0.5682678621966084	7.189838770616355E-7	1.195076589794981E-6	0.23217187388420535
263	263	0.05321906812092548	3.6467012093827264E-7	0.9181794155989452	1.4218313736559727E-4	0.019502420988440915	3.6384991685564506E-6	1.9114511566302286E-6	6.929156199388085E-7	1.1517466003221071E-6	0.008949152871656386
264	264	0.01748428384419907	3.269856439746234E-7	0.9316638571141465	7.746759258659396E-6	0.03263460697645705	3.2625019858233694E-6	1.713924589622658E-6	6.213107331711406E-7	0.018202026583462844	1.553999523229216E-6
265	265	0.09696919984047488	1.9222716755844664E-7	0.7688822059008055	4.554137520988034E-6	2.6664625690816848E-6	1.9179481651411724E-6	1.0075759451308064E-6	3.652539633220689E-7	6.071157849602506E-7	0.13413728353760343
266	266	0.06892509007425206	4.0215650315697364E-7	0.7996833950558285	9.527664812413452E-6	5.578479234756488E-6	4.01251985932212E-6	2.107939392259348E-6	7.64144103664052E-7	1.2701407620584126E-6	0.1313678518252518
267	267	0.23409241618692836	4.3918544998103283E-7	0.5640362799565016	0.07624447636649949	6.09212307570238E-6	0.059833653227531654	0.0657823341312248	8.345034069660554E-7	1.3870901943518723E-6	2.087229187140401E-6
268	268	0.04897743075997913	1.0931103537371999E-7	1.6182613393199275E-7	0.14206946770554302	6.156147102598519E-5	0.0021827319167351837	0.7569900617930355	2.0770367379496718E-7	3.4523972801896296E-7	0.04971792227310999
269	269	9.280133404976474E-7	1.733714266195594E-7	2.566623544292451E-7	4.1074179527474665E-6	6.589417951559311E-5	0.005112616269620955	0.9948143231488525	3.29425863700257E-7	5.475632352009196E-7	8.239478376893919E-7
270	270	2.1320753499708646E-6	3.983142579465777E-7	5.896719963644383E-7	9.436636508247338E-6	5.5251818618362996E-6	0.007661844110988509	0.9923161661711256	7.56843391132221E-7	1.25800570463366E-6	1.8929888157182165E-6
271	271	0.193158383202981	3.5234222405302147E-7	5.216141238125028E-7	8.347493037373892E-6	4.887484760231497E-6	0.17832167123316167	0.615986561364616	6.694911828316306E-7	1.1128111007802817E-6	0.012517492962812203
272	272	0.17637323799429838	6.166669835371874E-7	9.129255205400657E-7	1.4609725999460124E-5	8.554042855001059E-6	0.15514846625675865	0.6643826881958022	1.171738951614831E-6	0.0040668117425195415	2.9307103111913972E-6
273	273	0.8183292760204132	3.298093568202226E-7	4.882560389840119E-7	7.813657069109259E-6	1.857410744905287E-4	0.009303153168239878	1.7287253338427357E-6	6.266761158131388E-7	0.0038055308465254805	0.16836531176641625
274	274	0.7483878278644566	6.768099731747835E-7	1.0019623452567033E-6	0.05751732142761194	9.388311146513796E-6	6.752877143680221E-6	0.01958372712657998	1.2860176230960143E-6	2.1375855627066876E-6	0.174489880017557
275	275	8.997648231510561E-7	1.6809403938971674E-7	2.4884961009151447E-7	0.02231827655050897	2.331701963938796E-6	0.04262967359221197	0.037550451944747924	3.1939821450702206E-7	5.308955334848708E-7	0.8974970992083465
276	276	1.3755494120205027E-6	2.5698010313063516E-7	3.804382278961873E-7	0.012757598457904187	3.5646773278717036E-6	0.03214013408517374	0.038020609959019305	4.882920679504861E-7	8.116265718990262E-7	0.917074779934192
277	277	1.158441038642664E-6	2.164199228175125E-7	3.203921662225717E-7	5.127298619186567E-6	0.03483504495230644	2.159331582210598E-6	1.1343844423639567E-6	4.112230105399545E-7	6.835243581396541E-7	0.9651537440325534
278	278	1.4463979443844322E-6	2.702160239884643E-7	4.0003293664749843E-7	6.401805474472821E-6	0.04329618054448469	2.6960826296462034E-6	2.488016887687263E-4	5.134418561565128E-7	8.534299058571641E-7	0.9564424363599754
279	279	0.03628624662245573	2.1897100240905046E-7	3.2416883292634945E-7	5.1877373565118585E-6	3.037437366705726E-6	0.9169520791636593	1.147756154922569E-6	4.16070358307673E-7	6.915814954755706E-7	0.04675065049131768
280	280	5.315477826675411E-4	3.6155583773658155E-7	5.352541325898041E-7	8.565776770693908E-6	5.015290607475862E-6	0.9429786028400963	1.895127361819098E-6	6.869981198436195E-7	1.1419106831903191E-6	0.05647164746372286
281	281	0.01900917246782989	4.4360891634526685E-7	6.567270693620574E-7	1.0509731981347348E-5	8.73791150369586E-5	0.39029358897320043	2.3252159350427617E-6	8.429085072527621E-7	0.012022794630865731	0.5785722866206577
282	282	0.02473112042875462	4.806173664219518E-7	7.115150821024884E-7	0.12215809240255567	0.07577634535021147	0.3418923691188518	2.519199046470049E-6	9.132288643521617E-7	0.021737999468800718	0.4136994486704665
283	283	0.8484107102062988	2.0941598397977714E-7	3.100234020760074E-7	0.15158062376818665	2.9048957529882145E-6	2.0894497241297877E-6	1.09767266856162E-6	3.979147125930975E-7	6.614036460712498E-7	9.952496241284735E-7
284	284	0.972899158881597	3.487869357698354E-7	5.163508074793009E-7	0.027022544113843534	4.838167885567941E-6	6.734357266664206E-5	1.8281980165510048E-6	6.627357218180807E-7	1.101582346467236E-6	1.6576101791703368E-6
285	285	0.849135331899578	1.569001277080002E-7	2.322779305274596E-7	0.15085817527936737	2.1764265838766723E-6	1.565472330837305E-6	8.224060962583016E-7	2.981284811038025E-7	4.955415272653559E-7	7.456679770068375E-7
286	286	0.8935976723313198	2.6445878045741224E-7	3.9150980392306794E-7	0.10610084644963176	1.489371269335761E-4	2.6386396843700378E-6	1.4665489420310747E-4	5.025024242112975E-7	8.35246662198334E-7	1.2568405565123E-6
287	287	0.9895321627615113	2.3589103590061596E-7	3.492175720273804E-7	5.588597236824477E-6	0.010455759170670011	2.3536047751485313E-6	1.2364440285121618E-6	4.48220388768156E-7	7.450204528573995E-7	1.1210723286434314E-6
288	288	0.9906575619710569	4.501167778804053E-7	6.66361431243231E-7	1.0663912562453593E-5	0.009319391197388819	4.491043899778078E-6	2.3593274751561216E-6	8.552742006594334E-7	1.4216148757617856E-6	2.139180331347837E-6
