0	0	0.017777043631701003	1.242181324256814E-6	4.337598157201607E-7	1.6893631471806356E-6	0.15882988763852846	8.990157620455957E-7	1.1344967139247433E-6	0.8233816813909797	6.37820233791391E-7	1.7066334433058045E-6	5.373020513283247E-7	8.631049030186854E-7	2.2436613963257332E-6
1	1	3.0149916004135837E-6	1.673241906995588E-6	5.84282734783416E-7	0.0535264691196904	4.581231493412413E-6	1.2109913574849922E-6	1.5281886855152923E-6	0.9464528712992799	8.591560052216947E-7	2.298867759043099E-6	7.2375609859948E-7	1.1626187462834938E-6	3.0222546419996704E-6
2	2	1.0417078204241927E-6	5.781207416099244E-7	2.6887459402872255E-5	2.7471826849860016E-5	1.5828583645827304E-6	4.184088497577169E-7	5.280034957864139E-7	0.9999387045102671	2.9684644211979796E-7	7.942803297985087E-7	2.5006450694169723E-7	4.0169565978530455E-7	1.0442172692794581E-6
3	3	4.175718161920162E-6	2.3174149537826106E-6	0.0014983891322180455	3.1516778937148657E-6	6.344936930629816E-6	1.6772048733683933E-6	2.1165184168578604E-6	0.9984706552027446	1.189918185654273E-6	3.183897378676665E-6	1.0023913450729867E-6	1.610209532119054E-6	4.185777365619981E-6
4	4	9.170907787287969E-7	5.089615252253912E-7	1.7772530715070975E-7	0.01785556290655909	1.3935047637459913E-6	3.6835558908933893E-7	4.648396869336239E-7	0.9821381529262637	2.6133540463933707E-7	6.992624533501707E-7	2.2014988167239428E-7	3.5364175848701086E-7	9.193000281552995E-7
5	5	2.189189601916947E-6	1.2149432800356538E-6	4.2424850782071483E-7	0.0011232682354416804	0.4277876367852975	8.793025119717642E-7	1.1096199338128453E-6	0.5379897509464724	6.238343724731535E-7	1.6692110829061374E-6	5.255203116189816E-7	8.441790915796924E-7	0.03308986398409428
6	6	4.397264978271541E-6	2.4403676735944108E-6	8.521569369279159E-7	3.3188932507964528E-6	0.16311720816167258	1.7661906204076327E-6	2.228812374165625E-6	0.6683385178371839	1.2530504602781641E-6	3.3528221720853643E-6	1.0555741995252557E-6	1.6956407757199339E-6	0.1685219132277017
7	7	2.0665726508317257E-6	1.1468940619099128E-6	0.8239009378253979	1.5597727353292116E-6	0.015567411664119393	8.300526009521134E-7	1.047469897549025E-6	0.11536190725800753	5.888932834656776E-7	1.5757182335319259E-6	4.960858129864051E-7	7.968964504193491E-7	0.045159634896748256
8	8	3.8499604394751225E-6	2.1366278920051554E-6	7.460934266204638E-7	2.9058079923648124E-6	0.14232173862883446	1.5463621252622878E-6	1.9514037725611888E-6	0.7228344365358808	1.097089833015544E-6	2.935513958541934E-6	9.241924080500335E-7	1.4845932501999714E-6	0.13482424719018668
9	9	2.9117663130854524E-6	1.6159545578051636E-6	5.642784491427493E-7	2.197693705552946E-6	0.12419869068419949	1.169530236727268E-6	1.4758675725369755E-6	0.7685215087121496	8.297407904375032E-7	2.2201606459207775E-6	6.989766162210979E-7	1.1228137749788565E-6	0.10726499382098847
10	10	2.8214800688927745E-6	1.5658480409618985E-6	5.467816529118793E-7	0.022408394730594552	0.9775679535851411	1.1332661683954974E-6	1.4301047860622157E-6	8.605293172792818E-6	8.040127025461769E-7	2.1513192813772854E-6	6.773031827544413E-7	1.0879982617231852E-6	2.8282769458963034E-6
11	11	1.9443884056251355E-6	1.0790849842905104E-6	3.768078740133069E-7	0.013898370260321948	0.986085330471374	7.809764891162759E-7	9.855391840281903E-7	5.930232311989925E-6	5.540754988992723E-7	1.482555313300269E-6	4.667551864569935E-7	7.497806660973647E-7	1.9490723901004565E-6
12	12	3.635464902298427E-4	2.5915876216782373E-6	9.04961737268395E-7	0.0057455524576399365	0.9562939930630058	1.8756344787303408E-6	0.00119862273675912	0.036380419095823166	1.330697049191787E-6	3.560583322293633E-6	1.1209839643643902E-6	1.8007129387581844E-6	4.680995429901452E-6
13	13	1.938787323007455E-6	1.0759765291428536E-6	3.7572242625645176E-7	0.059153911524030725	0.8707508232223639	7.78726777162969E-7	9.827002006354003E-7	0.06770094832590473	5.52479406967851E-7	1.4782846054668687E-6	4.654106328924829E-7	7.476208180732759E-7	0.0023859212189810703
14	14	5.168723553794202E-6	2.86850711447994E-6	1.001659816543457E-6	0.04052073704936291	0.9594359349757591	2.0760520699345475E-6	2.6198364374816736E-6	1.576420191653993E-5	1.4728863191406394E-6	3.941043129803152E-6	1.2407647150725633E-6	1.993124921865075E-6	5.181174883381006E-6
15	15	1.91041725461956E-6	1.060231879199403E-6	3.7022452001306525E-7	0.061273624666210155	0.8841918212293977	7.673317511787222E-7	9.683204532716834E-7	0.05452436622978051	5.443950346529609E-7	1.4566530242943599E-6	4.5860032867451866E-7	7.366809622751414E-7	1.91501940341665E-6
16	16	1.87220967186318E-6	1.0390276646920696E-6	3.62820177347799E-7	0.999981460993348	2.844792638836659E-6	7.519854223524588E-7	9.489544306064195E-7	5.710092828564005E-6	5.335073511961824E-7	1.4275205450736664E-6	4.4942850510164993E-7	7.219476369960089E-7	1.876719779520777E-6
17	17	9.89328609498676E-7	5.490516421258949E-7	1.9172445637263684E-7	0.9999902034638811	1.5032689917104636E-6	3.973703925580408E-7	5.014543944616828E-7	3.0173747540624956E-6	2.8192039270418494E-7	7.543422818038574E-7	2.3749074940885008E-7	3.8149757613917124E-7	9.917118781061602E-7
18	18	3.2156695581743608E-6	1.7846129531668482E-6	6.231726162527818E-7	0.12439061830091624	1.6963872960770515E-4	1.2915949891676488E-6	1.6299049836437074E-6	0.8754225944443715	9.163414622233483E-7	2.451880486170956E-6	7.719293325693285E-7	1.2400026950900385E-6	3.2234160280898757E-6
19	19	1.0463429175895334E-6	5.806930999604354E-7	8.061574006875189E-5	0.1366224201091691	1.5899013205584526E-6	4.202705672522402E-7	5.303528565751359E-7	0.8632899970845234	2.98167265555539E-7	7.978144940170665E-7	2.5117717333869694E-7	4.0348301164874966E-7	1.048863532281368E-6
20	20	2.7771197501018882E-6	1.5412292180111438E-6	5.381849561995409E-7	2.0960674512022824E-6	4.219789023093512E-6	1.1154485523651E-6	1.4076201671157535E-6	0.9999788743171766	7.913717272686635E-7	2.1174954701815085E-6	6.666543798667925E-7	1.0708923639122855E-6	2.7838097641741552E-6
21	21	9.199436242966853E-7	5.105447803023615E-7	1.782781672018263E-7	6.943394816729087E-7	1.397839616937509E-6	4.7502166887813485E-5	4.662856897409854E-7	0.9999458692793964	2.6214835529607694E-7	7.014376881656336E-7	2.208347142198012E-7	3.5474185168031326E-7	9.221597461589172E-7
22	22	1.0815300750450074E-4	7.709825373880874E-7	2.692209557578077E-7	0.061639340213660306	0.7425442332424514	5.579905605073311E-7	7.04146116255175E-7	0.1957022543105885	3.958747830476025E-7	1.0592532320500795E-6	3.3348633632435147E-7	5.357018296500081E-7	1.3925694442507024E-6
23	23	1.943807482969793E-6	1.0787625873287715E-6	3.766952955644268E-7	0.017728417887221643	0.8770886584085921	7.807431576818235E-7	9.852447356360515E-7	0.10517255776613912	5.539099584089312E-7	1.4821123719790789E-6	4.666157345545202E-7	7.49556655002558E-7	1.9484900680165375E-6
24	24	0.3720991919811635	2.841418808701055E-6	9.92200796114334E-7	3.86432167944352E-6	0.12591906238482795	2.0564471914946805E-6	2.5950964149971787E-6	0.4742814470575686	1.4589773437056418E-6	3.90382649511224E-6	1.229047744306873E-6	1.9743031531943756E-6	0.027679382936812953
25	25	0.351839135407746	1.2611266977290271E-6	4.4037538910351794E-7	1.7151288024264019E-6	0.10187547642186645	9.12727278260469E-7	1.151799714322984E-6	0.5293339649559395	6.475480748894222E-7	1.7326624998792818E-6	5.454968195405192E-7	8.762687176841251E-7	0.01694214008045421
26	26	0.23234720334230363	1.1874405321043537E-6	4.1464476749591476E-7	1.6149158220566894E-6	0.021598899899636734	8.593976853518674E-7	1.0845013971365447E-6	0.7457689547833135	6.097125942972155E-7	2.756878814148347E-4	5.136240750614931E-7	8.250693560503854E-7	2.1447871017614935E-6
27	27	4.734309399458751E-6	2.6274185595644248E-6	9.174736151328379E-7	3.573281935632209E-6	0.9999567403164626	1.9015667458635885E-6	2.3996478321827187E-6	1.4439272778219124E-5	1.3490950855599523E-6	3.6098114629100327E-6	1.1364825361520352E-6	1.8256093508724376E-6	4.745714235891779E-6
28	28	3.538011299696317E-6	1.963504234394461E-6	6.856400255302943E-7	2.6703602993739303E-6	0.9999676714730149	1.421065685897352E-6	1.7932881924710803E-6	1.0790657293031403E-5	1.0081963924076373E-6	2.6976592926117363E-6	8.493082550272519E-7	1.3643017317280465E-6	3.5465342830433395E-6
29	29	2.8957823325449917E-6	1.6070838644084615E-6	0.7179309272316745	0.012167982285128769	0.16669065061322272	1.163110165012955E-6	1.4677658789176374E-6	0.09266175887737445	8.251859741432225E-7	0.01053600751640936	6.951396226472296E-7	1.1166501507040754E-6	2.902758201898208E-6
30	30	4.3089257050520586E-6	2.3913416749932555E-6	8.350374490532638E-7	0.0056327541581347	0.9939999781407534	1.7307085658703584E-6	2.1840364358836945E-6	1.3141885835226544E-5	1.2278771838176172E-6	3.3443263827940206E-4	1.03436814119671E-6	1.6615760390009524E-6	4.319305802490094E-6
31	31	3.554117451446982E-6	1.972442729634695E-6	6.887612768102064E-7	2.6825166280477137E-6	5.400424597409176E-6	1.4275348284879058E-6	1.8014518101969747E-6	1.0839779794100266E-5	0.9999631366647119	2.7099398949778527E-6	8.531745760985655E-7	1.3705124667606885E-6	3.5626792341226466E-6
32	32	2.087570568812956E-6	1.1585473601549332E-6	4.045555021884929E-7	0.016526155845941047	0.9176788893658459	8.384865538682543E-7	1.058112972201005E-6	0.053270062408419215	5.948768780230396E-7	1.591728704886957E-6	5.011264144908081E-7	0.012514564775363553	2.092599475644106E-6
33	33	0.0010469408072514919	1.739476105334527E-6	6.074111888221689E-7	0.019272638959452106	0.9330071603942692	1.258927666887153E-6	1.588681045928071E-6	9.559485634555057E-6	0.002168798908778187	0.044484604014198174	7.524055155087956E-7	1.2086402571672233E-6	3.1418886366731695E-6
34	34	0.006130466997630767	1.2180171116368787E-6	4.253218653111761E-7	0.04548580572824434	0.9131159029852837	8.815271654948949E-7	1.1124272951719722E-6	5.689205630687055E-4	6.254126863249589E-7	0.03469106783953365	5.268498888654952E-7	8.463148821235233E-7	2.2000153440391294E-6
35	35	2.5475683520807675E-5	5.311741591408306E-7	1.85481781834134E-7	0.10820116343059816	0.23466866962817523	3.844317509318752E-7	4.851267092004868E-7	0.581558835944256	2.7274087909013395E-7	0.07554243810342524	2.2975789423473999E-7	3.690757638668979E-7	9.59421086372468E-7
36	36	3.894127147055238E-6	2.161139265770486E-6	7.546526029338403E-7	2.9391433925332973E-6	0.9999644174696197	1.5641019760667641E-6	1.9737902570844413E-6	1.1876782729034797E-5	1.1096756365856507E-6	2.9691901452567107E-6	9.347947340935898E-7	1.5016244890887364E-6	3.903508004834971E-6
37	37	8.65331970666388E-7	4.802367331913825E-7	0.9944491114135171	6.531206218716347E-7	1.3148580830970405E-6	3.475663208112105E-7	4.3860504507064795E-7	2.6391947196341554E-6	0.00554208105104138	6.597974495057654E-7	2.077250533623354E-7	3.3368291000120043E-7	8.674165343805484E-7
38	38	1.7210720220889576E-6	9.551502007242229E-7	3.3353083560412476E-7	1.2990016172486643E-6	0.9999842737293364	6.912799836898535E-7	8.723482980027146E-7	5.249134837014395E-6	4.904389660634331E-7	1.3122812620866603E-6	4.1314754307937413E-7	6.636670550956692E-7	1.7252180428166332E-6
39	39	4.057235491893786E-6	2.2516601540963797E-6	7.862617755017475E-7	0.029728416578459975	0.9702375727425713	1.6296155237350458E-6	2.0564638960628067E-6	1.2374250402735395E-5	1.1561552068606015E-6	3.0935568317605095E-6	9.739492907076687E-7	1.5645211218218279E-6	4.067009273717301E-6
40	40	1.126934429391801E-6	6.254192925233553E-7	2.183914310860126E-7	8.505684988919573E-7	1.712358833182906E-6	4.526406820697436E-7	5.712017386973624E-7	3.4370617245706924E-6	0.9999883114268772	8.592638287712197E-7	2.7052336261306904E-7	4.345601139530449E-7	1.1296491870794652E-6
41	41	1.8591911351770956E-6	1.0318027154922352E-6	3.6029728268474917E-7	0.03357856230735996	0.9663582254334366	7.467564408150684E-7	9.423558117369968E-7	5.3297563281109786E-5	5.297975717156976E-7	1.4175941843324114E-6	4.463033735689113E-7	7.16927525232399E-7	1.8636698814957993E-6
42	42	4.810147806415602E-6	2.6695069025842133E-6	9.321705289856951E-7	3.6305219651150772E-6	0.9722310361130229	1.9320277446197966E-6	2.4380875397504164E-6	0.02773968180507322	1.3707060985904653E-6	3.667636655068571E-6	1.1546877309975402E-6	1.8548535960650996E-6	4.821735335730253E-6
43	43	1.245003271734971E-6	6.909444286106157E-7	0.01514962245867697	9.396825017820282E-7	1.8917625498828388E-6	5.000638150715813E-7	6.310465054144473E-7	3.7971624440962233E-6	0.9848377056294876	9.49288840772256E-7	2.9886607663214877E-7	4.8008894708191E-7	1.248002454398095E-6
44	44	2.341794727136928E-6	1.2996351547013592E-6	4.538222352875725E-7	1.7675001968383819E-6	0.9734629759169052	9.405973718725219E-7	1.1869698759091447E-6	0.026522768258167666	6.673209313552313E-7	1.7855692850931107E-6	5.621535447067115E-7	9.030255505002918E-7	2.3474360537949993E-6
45	45	3.945689787885261E-6	2.189755190093566E-6	7.646450555803712E-7	0.00950424637038059	0.3417484225839549	1.5848124524759507E-6	1.999925468970578E-6	0.6487262894681148	1.1243689951038393E-6	3.0085055757073293E-6	9.471724719803237E-7	1.5215076930182745E-6	3.955194858815236E-6
46	46	1.2461558532320441E-6	6.915840813585257E-7	2.4149564787938423E-7	9.670943221274327E-5	0.05832514130294562	5.005267570683553E-7	6.316307067112999E-7	3.800677727368007E-6	0.941568058192442	9.501676599513632E-7	2.991427566360085E-7	4.805333970282822E-7	1.2491578124360194E-6
47	47	2.0669009141692204E-6	1.1470762395228625E-6	4.005498783119243E-7	0.04341900881547592	0.20824805051390835	8.301844500971097E-7	1.0476362821977121E-6	0.7482160220832506	5.889868258217042E-7	1.5759685274309004E-6	4.961646134024414E-7	5.374513131945841E-5	5.501998831486444E-5
48	48	2.5117627950817815E-6	1.3939630109041393E-6	6.483096205892505E-5	1.8957858190013707E-6	0.023296417449717485	1.0088661727877234E-6	1.2731204569908924E-6	0.9766239478326009	7.157552574245703E-7	1.9151663663624815E-6	6.029547946091602E-7	9.685673788871988E-7	2.517813570690099E-6
49	49	1.7112638031348446E-6	9.497068943532336E-7	0.0022798920036645543	0.0034206321591179305	2.600237966627381E-6	6.873404475451683E-7	8.673768714724794E-7	0.028236697693436872	0.9644298764697549	0.001623299683908123	4.1079305616025155E-7	6.598848822955391E-7	1.715386196101123E-6
50	50	2.1206860591016967E-6	1.1769255958071406E-6	0.9148490780312462	1.6006155379286119E-6	3.222348533330786E-6	8.517876100081927E-7	1.0748979999163735E-6	0.0851352007814635	6.043135120566235E-7	1.6169785705712425E-6	5.090758688280276E-7	8.17763262410245E-7	2.125794740345179E-6
51	51	0.004103077471541605	2.4664844556160835E-6	8.6127670900604E-7	3.3544120017298246E-6	0.013441161728689496	1.7850923686732816E-6	2.2526650942180727E-6	0.9823192990946082	1.2664605894514621E-6	3.3887040298780512E-6	1.0668709404118852E-6	1.1556470825307092E-4	4.4550307186547145E-6
52	52	1.6164511183178532E-6	8.970883207131637E-7	3.132560899754775E-7	1.2200376218711035E-6	2.45617160916257E-6	6.492583043386748E-7	8.193197982253174E-7	0.9999877035789962	4.6062605456665297E-7	1.2325100207444454E-6	3.8803303956469127E-7	6.233239165075808E-7	1.620345109827683E-6
53	53	1.5314128455457598E-6	8.498942914889132E-7	7.064445297847215E-4	4.0386284621875035E-5	0.035937401522966796	6.151021185077326E-7	7.762170160257751E-7	0.9633078977193318	4.3639343557169385E-7	1.1676701241644147E-6	3.676193944571142E-7	5.905320871496341E-7	1.5351019819205148E-6
54	54	5.543033876983353E-6	3.0762396066352194E-6	5.690610930113301E-4	4.183677311729224E-6	0.9969674194112785	2.226396291900969E-6	2.8095606147200994E-6	1.690581907845364E-5	0.0024155238526097317	4.226446888055248E-6	1.3306188225068024E-6	2.1374636983337866E-6	5.5563869110535294E-6
55	55	1.5706633848781258E-6	8.716773197647082E-7	3.0438277102161106E-7	1.1854787312349264E-6	0.8552570522798166	6.308673577547009E-7	7.961116751352289E-7	0.14211805155894233	0.0026157822259185058	1.1975978358647896E-6	3.770415823037476E-7	6.056675896244292E-7	1.5744470748494508E-6
56	56	2.1704446811142916E-6	1.20454033661584E-6	4.206158829111225E-7	1.6381715086473579E-6	0.9266985710303822	8.7177349030363E-7	1.100118820815526E-6	0.04637752373280577	8.902281627530229E-4	1.654918474570801E-6	5.210205475908413E-7	8.369508139553776E-7	0.026023258519502428
57	57	3.8019644358251884E-6	2.1099913585354217E-6	7.367921614801525E-7	2.8695823809072147E-6	0.6807028476151583	1.5270842123135702E-6	1.9270763582766123E-6	0.31927400768357966	1.0834128281586063E-6	2.8989180140163797E-6	9.126708501308415E-7	1.4660853865022918E-6	3.811123275870525E-6
58	58	1.7360741957730674E-6	9.63476016856127E-7	3.36438144223706E-7	0.07315984113983988	0.534082149522959	6.973057061736089E-7	8.799523497284463E-7	0.3927487511993885	4.947140053737627E-7	1.3237201043684212E-6	4.1674885151905055E-7	6.694520822770896E-7	1.740256356373018E-6
59	59	4.95904877139627E-7	2.752143064676194E-7	9.610264180100162E-8	0.9999950894475366	7.535195257516569E-7	1.9918348040119455E-7	2.513559978849269E-7	1.5124710256340532E-6	1.41313711505794E-7	3.7811705128867846E-7	1.1904317713714249E-7	1.9122716841295836E-7	4.970994999521464E-7
60	60	8.092210425463544E-7	4.4909662774034953E-7	1.568209621938623E-7	0.9999919869261887	1.229598425659575E-6	3.250289946692401E-7	4.101644731383631E-7	2.4680607846495012E-6	2.3059670154971243E-7	6.170140455429034E-7	1.9425548800123107E-7	3.1204582918984163E-7	8.111704363965875E-7
61	61	2.7771197501018882E-6	7.268311910983675E-5	5.381849561995409E-7	0.9997590747172765	1.4650356880674474E-4	1.1154485523651E-6	1.4076201671157535E-6	8.469997675708577E-6	7.913717272686635E-7	2.1174954701815085E-6	6.666543798667925E-7	1.0708923639122855E-6	2.7838097641741552E-6
62	62	7.653823792925904E-7	4.2476731004248156E-7	1.4832535840788665E-7	0.9999336002827693	1.1629862783157166E-6	3.074209050424827E-7	3.8794426225507997E-7	6.115509920871669E-5	2.181043779259264E-7	5.835879857357049E-7	1.8373190979955107E-7	2.9514108832627043E-7	7.67226166867089E-7
63	63	5.149631691377859E-6	2.8579116274897813E-6	9.979599569540638E-7	0.7934959579920362	7.824782954877445E-6	2.068383696867998E-6	2.6101594725023786E-6	0.19499181258885442	0.010818815715484995	3.92648598577562E-6	1.23618166686256E-6	5.296612882059293E-4	1.3708091836581794E-4
64	64	5.11830077789564E-5	1.067178083645146E-6	0.8796375186036314	0.12029455268747732	2.9218667219811274E-6	7.723589941111101E-7	9.7466449174985E-7	5.864796606766745E-6	5.479616876504186E-7	1.4661964175008526E-6	4.616048899448925E-7	7.415073938092639E-7	1.927565825151999E-6
65	65	2.4921990510798317E-6	1.383105641909378E-6	4.829694639911468E-7	1.8810198273567407E-6	0.001025275399730813	1.0010082653550259E-6	0.05101184732790645	0.8807222543097095	0.06722742492646011	1.9002494225387953E-6	5.982584700718355E-7	9.610233527210766E-7	2.498202698103696E-6
66	66	1.0345574082845591E-6	5.741524488814526E-7	2.0048945798722164E-7	7.808457340832695E-7	1.5719934277515716E-6	4.155368393340845E-7	0.04531964732069739	0.9046364550176386	0.05003684692202108	7.888282907515611E-7	2.4834803304079166E-7	3.989383707779154E-7	1.0370496319705337E-6
67	67	1.6786639793212125E-6	9.316148401802934E-7	3.2531247532685193E-7	0.013074052819723923	0.4277492632442757	6.742465122624211E-7	8.508532161843683E-7	0.4349332640222301	0.1242349462875183	1.2799460203468436E-6	4.0296738882003463E-7	6.47313979515555E-7	1.6827078401031805E-6
68	68	4.072898179433227E-6	2.2603525382355514E-6	7.892970867471742E-7	3.0740731672293957E-6	0.12270537025745099	1.635906545986202E-6	2.0644027380414217E-6	0.5594622617241839	0.3178087346091066	3.1054993019814703E-6	9.777091571117984E-7	1.5705608514675213E-6	4.082709692290862E-6
69	69	1.2772247219696573E-6	7.088264952901561E-7	2.4751656136721933E-7	9.640020627462185E-7	0.10021979592164178	5.130057740987592E-7	6.473783770099725E-7	0.6184229881935706	0.2813498046573915	9.73857019696526E-7	3.0660091447046146E-7	4.925139442428136E-7	1.2803015253243238E-6
70	70	0.08075789725149667	1.0713472807265779E-6	3.741059296140087E-7	1.4570293229730463E-6	0.9188307736045455	7.753764069622687E-7	9.784722614338925E-7	5.887708895981499E-6	5.50102436513144E-7	1.4719244791227431E-6	4.634082644607553E-7	3.9636457233869235E-4	1.935096341319499E-6
71	71	0.05337658624303543	1.1471369782558068E-6	4.005710877932572E-7	9.017256060329363E-4	0.7784344971776415	8.302284091208184E-7	1.047691755494233E-6	0.16727823502921196	5.890180132112504E-7	1.576051976401612E-6	4.96190885771192E-7	7.970652359944258E-7	2.0719897362409464E-6
72	72	0.15998180368185558	2.6721410409084894E-6	9.330903490890949E-7	3.634104385912033E-6	7.316154729491889E-6	1.9339341747251994E-6	2.4404933248113874E-6	0.8309822821683555	1.3720586440594883E-6	3.6712556988190414E-6	0.009005257740379285	1.8566838745103758E-6	4.826493187386328E-6
73	73	4.938346183289274E-7	2.5575335173747787E-5	0.9048241065416966	3.7272813666684346E-7	7.503738006153778E-7	1.983519472297023E-7	2.5030665960810864E-7	0.09514693126636604	1.4072376780932345E-7	3.765385224356829E-7	1.1854620645247537E-7	1.9042885053285292E-7	4.950242539382207E-7
74	74	1.2999437705823568E-4	3.5031796572498186E-7	1.2232824088483407E-7	4.7643145934845753E-7	9.591486386861629E-7	2.535389695243841E-7	3.1994892628221917E-7	0.9007736667854817	1.7987702957433735E-7	4.813020002975875E-7	1.5152905451530016E-7	2.4341144720853347E-7	0.09909280100372803
75	75	6.146174397302709E-5	1.2814922177666717E-6	4.4748686634606876E-7	1.742825853052525E-6	3.5086453919487415E-6	9.274666107222994E-7	1.17039974888227E-6	0.9063438042267121	6.580051156595894E-7	1.760642696415688E-6	5.543058681704697E-7	8.904192928487719E-7	0.09358179233965304
76	76	0.09040239777923703	1.6320235134174099E-6	5.698896003403038E-7	2.2195474405068605E-6	4.46837811460404E-6	1.181159975552768E-6	0.02109469719049338	0.7106993672094127	8.379916833025351E-7	2.2422377907879037E-6	7.059271979474246E-7	1.133978968098804E-6	0.1777885466865724
77	77	2.8501142553334275E-6	1.5817392695539296E-6	5.523307432508201E-7	7.516296200306346E-5	0.6673321917918097	1.1447672791460175E-6	0.29380093181986544	0.03877795895322391	8.121723382916795E-7	2.1731522470166644E-6	6.841768891561488E-7	1.099039964770024E-6	2.856980111397088E-6
78	78	2.7765271679317007E-6	1.5409003503219733E-6	5.380701182242266E-7	0.027954892503285447	0.683318518267429	1.115210537809239E-6	0.2120301287154868	8.468190346512934E-6	7.91202864267508E-7	2.1170436387251812E-6	6.665121290692991E-7	1.0706638567616587E-6	0.07667737619278928
79	79	3.005474300110804E-6	1.667960052908204E-6	5.824383534432158E-7	2.2684210342950068E-6	0.07507145709065174	1.207168670744613E-6	0.32690820675038595	0.293193492964375	8.564439427046683E-7	2.2916110174932424E-6	7.214714474132564E-7	1.1589487553805331E-6	0.30481308325701284
80	80	5.3478730991088226E-6	2.967930451778295E-6	1.036377653321932E-6	0.02055362552388331	0.30469003442298576	0.013838871367464249	2.7106407727665403E-6	0.5871865711463041	1.5239370111786132E-6	4.0776408946906275E-6	1.2837700010458292E-6	2.0622072436010195E-6	0.07370988716223506
81	81	3.4416257068279464E-6	1.9100127377031105E-6	6.669612213216434E-7	2.5976120126035045E-6	0.207985610225996	0.018427791666202804	1.7444338698096436E-6	0.7222552101041103	9.807302260281509E-7	2.6241673028327414E-6	8.261706580117112E-7	0.0010593027886497582	0.05025729350130614
82	82	3.899573252392787E-6	2.16416171255921E-6	7.557080172574176E-7	2.943253911762235E-6	0.6131672559332774	1.5662894403684292E-6	1.976550688176795E-6	0.3321659214518098	1.1112275659857801E-6	0.013888510154771936	9.361020849834316E-7	1.5037245759210846E-6	0.040761455868891516
83	83	2.037024635694125E-6	1.1304956821631862E-6	3.947600798626732E-7	1.537470984468348E-6	0.6118459939231464	0.01816041978329252	1.0324930921720146E-6	0.3399769151117995	5.804732418826867E-7	0.008663891882195908	4.889927397737253E-7	7.855023635138564E-7	0.02134479208674612
84	84	3.084313164676546E-6	1.7117135718477771E-6	5.977167334524247E-7	2.3279256983988628E-6	0.8747388918841524	0.04740802441803976	1.5633252444875789E-6	0.03343119074969204	8.789099701149025E-7	2.3517239955476053E-6	7.403969094371927E-7	1.1893500148292374E-6	0.04440744757281309
85	85	1.5996920345951478E-6	8.877874652136553E-7	3.1000830538177474E-7	1.207388484252228E-6	0.8427058741789939	0.026514410661839027	8.108252332251601E-7	0.08917637733045598	4.5585036384154443E-7	1.219731571465865E-6	3.8400998057852916E-7	6.168614026803851E-7	0.04159584567386981
86	86	0.7128935894033825	2.3248757119785162E-6	8.118280646373572E-7	3.161824504117119E-6	0.031771420681129973	1.6826045192042726E-6	2.1233324024583173E-6	0.2553136772883678	1.1937490454843553E-6	3.194147717496699E-6	1.0056184751262606E-6	1.6153934910575576E-6	4.1992531882109305E-6
87	87	0.6190847559099795	1.6227328825536019E-6	5.666453861078764E-7	0.006668665840431083	0.04771831189912779	1.1744359784818025E-6	1.4820582847968133E-6	0.32651559732729724	8.332212425996299E-7	2.229473389140608E-6	7.019085615987863E-7	1.1275235586556722E-6	2.9310238803599727E-6
88	88	0.8303590606616035	2.764549384370131E-6	9.653586059435508E-7	3.759779476084161E-6	7.5691629834392725E-6	2.00081374833837E-6	2.52489079557451E-6	0.16794910533926097	1.419507361956002E-6	3.798215560726869E-6	1.1957980901936592E-6	1.920891967776708E-6	0.0016639150311612329
89	89	0.8207300771896813	1.5269982243313522E-6	5.332156066565068E-7	2.0767133393661666E-6	1.451508230000917E-4	1.1051490192954346E-6	1.394622857262245E-6	0.16860850885462197	7.840645688541228E-7	2.0979435019856118E-6	6.604988034245471E-7	1.0610042419610037E-6	0.010505022922533547
90	90	0.19620834938257087	2.1478549996490417E-6	2.981797448064627E-4	2.9210768275442167E-6	0.002484461783762401	1.5544876271813212E-6	1.9616576030448252E-6	0.800791782774566	1.1028545923806946E-6	2.0123742619535486E-4	9.290486620040632E-7	1.492394181887585E-6	3.879513605230683E-6
91	91	2.5509926335376005E-6	1.415734550731958E-6	0.8700591826120497	1.9253950526327794E-6	3.876192487774227E-6	1.0246230973904362E-6	1.293004623585105E-6	0.12992190622814154	7.269342442212733E-7	1.945078294079355E-6	6.123720131598112E-7	9.83694898843192E-7	2.557137912874579E-6
92	92	0.11010926299855026	2.7105895174831395E-6	9.465162505964446E-7	3.6863942071499374E-6	0.3285688973256741	1.9617608581507707E-6	2.4756087056962596E-6	0.37249300516702893	1.3918007025165643E-6	3.724080076939294E-6	1.1724579009623245E-6	0.18880586936066493	4.895939862323007E-6
93	93	0.11879334071269561	8.105594288067139E-7	2.8304089073291376E-7	1.102358569466584E-6	0.3988436185316885	5.86633922392843E-7	7.402920897817463E-7	0.28731243810357365	4.1619624630295094E-7	1.1136279397985806E-6	3.5060520981663243E-7	0.19504373528345267	1.4640542924999499E-6
94	94	5.354475034832554E-6	2.9715943543638685E-6	1.0376570588960625E-6	4.041360059599863E-6	0.534682699888787	2.1506603833197735E-6	2.7139870518985024E-6	0.3105610235348221	1.525818307538561E-6	4.0826747319923565E-6	1.2853548118432976E-6	0.1547257456207614	5.367373835228654E-6
95	95	2.803043546093249E-6	1.5556162504112337E-6	5.432087932197575E-7	2.1156337752641476E-6	0.47571890073761336	1.1258610168291588E-6	1.4207599887040357E-6	0.38266263583476984	7.987590065569588E-7	2.137261820040783E-6	6.728774504202966E-7	0.14160248060995922	2.8097960099608416E-6
96	96	3.884053205267078E-6	2.155548490139048E-6	7.527003486531892E-7	2.931539953219349E-6	0.21641485418310796	1.560055710584766E-6	1.9686841453934196E-6	0.6370004039586346	0.0014935823389280276	2.961508976267683E-6	9.323764597590556E-7	0.14507011964224498	3.893409795165558E-6
97	97	2.077903017567534E-6	1.1531821207029732E-6	4.026820033437336E-7	0.01698192263175114	0.2404428451333445	8.346035178410087E-7	1.0532128449741609E-6	0.6122040016669694	5.921219997981207E-7	1.5843574001496742E-6	4.988056951987751E-7	0.13036095079069984	2.0829086355023825E-6
98	98	3.538652742516848E-6	1.9638602184735235E-6	6.857643323327861E-7	0.03136763792677059	5.3769262196433915E-6	1.4213233256572364E-6	1.7936133163157393E-6	0.9337077895732929	1.0083791788045183E-6	0.03490302279201667	8.494622349432153E-7	1.3645490801610292E-6	3.5471772710840565E-6
99	99	1.380380362242779E-6	7.660751921768312E-7	2.675073499315543E-7	0.038226725150353164	0.0076048004329381125	5.544389206552686E-7	6.996641884499929E-7	0.9040893577680622	5.308144922559368E-4	0.04954238672897547	3.3136367790315705E-7	5.322920587655725E-7	1.383705665031089E-6
100	100	0.03967075165011627	1.2788445715933143E-6	4.465623294094546E-7	0.045100985877871945	0.2574351959681689	9.255504044521785E-7	0.026328738671618335	0.40584121748121976	6.566456343436888E-7	0.22561605112425792	5.531606362366474E-7	8.885796287441367E-7	2.309883542083772E-6
101	101	0.36489269129830726	1.8857394297482621E-6	6.584851756914186E-7	0.0014823160288106143	5.163036395283806E-6	8.840898589290186E-5	1.7222648131887555E-6	0.24347299536956737	9.682666616093938E-7	0.3900476585118341	8.156713066674401E-7	1.3102684091673638E-6	3.406073396399535E-6
102	102	2.7735680463957333E-6	1.5392581148473556E-6	5.374966626884452E-7	2.093386756380061E-6	0.2795895270211245	1.1140219870334052E-6	0.6358359579713119	0.08455903655492511	7.903596290699512E-7	2.11478737071661E-6	6.658017847161475E-7	1.0695227822161195E-6	2.7802495044999782E-6
103	103	1.8620289970235485E-6	1.0333776549935914E-6	3.6084723900315334E-7	1.4053907375483893E-6	0.3139633993249516	7.478962868329875E-7	0.5999222578190141	0.08610395142984255	5.306062525913044E-7	1.4197579943750444E-6	4.469846092373859E-7	7.180218405139395E-7	1.8665145796825602E-6
104	104	1.8912579328534662E-6	1.049598954025003E-6	3.665115873081936E-7	1.4274516591287867E-6	0.5609411801560059	7.596362826172737E-7	0.10920418392198501	0.32984408137787985	5.389353689115848E-7	1.4420444439297695E-6	4.540010866828202E-7	7.292928864183852E-7	1.895813927309453E-6
105	105	2.5024238402113653E-6	1.3887801338922835E-6	0.9533054029832861	1.8887371206759172E-6	0.04667221610608546	1.0051151196721971E-6	1.2683868832172374E-6	7.6321966704714E-6	7.130940164584887E-7	1.9080456094582786E-6	6.007129556796315E-7	9.64966160229889E-7	2.508452118504073E-6
106	106	2.1097974716050953E-6	1.1708827129995061E-6	0.0018380067194862426	1.5923972341120922E-6	0.08188440441274668	8.474141366785175E-7	0.7050441293510123	0.21122209423181712	6.012106857221144E-7	1.6086762513428828E-6	5.064620368011927E-7	8.135644858888244E-7	2.1148799225055843E-6
107	107	5.123945773985567E-6	2.84365661152406E-6	9.929822190202894E-7	3.867365085060734E-6	0.06301300881055041	2.058066777919742E-6	0.6808527887992375	0.25610560718336717	1.4601263836178316E-6	3.906901013350992E-6	1.230015699647844E-6	1.9758580458262385E-6	5.136289234987649E-6
108	108	3.511594967523084E-6	1.9488438572261447E-6	6.805207386961265E-7	2.6504222271872954E-6	0.21527255845140025	1.4104553910116716E-6	0.24423517290540217	0.5404726714833366	1.0006687593557075E-6	2.6775173942605477E-6	8.429669499601385E-7	1.3541152612289448E-6	3.520054314567074E-6
109	109	2.4462826871400075E-6	1.3576232543795303E-6	4.740712174121544E-7	1.8463638511683563E-6	0.0661171780256834	9.825656534782184E-7	0.2056736368972919	0.7281955331059607	6.970959590195523E-7	1.8652391596049713E-6	5.872361347451293E-7	9.433174242965026E-7	2.452175722757614E-6
110	110	2.1772237586971895E-6	1.2083025483251275E-6	4.2192961724753035E-7	1.643288106111391E-6	0.11478674565051457	8.744963517416133E-7	0.28874447351988597	0.5964566303958374	6.204245699190151E-7	1.660087378818905E-6	5.22647881724319E-7	8.395649116793335E-7	2.1824686378867252E-6
111	111	4.468233938687754E-6	2.4797536004567047E-6	8.659101886023263E-7	3.3724580018190295E-6	0.8386802216602888	1.7946957736896317E-6	2.264783937839621E-6	0.030231968982804627	0.00137483423838469	0.12969045466750223	1.0726104718337602E-6	1.7230073009775242E-6	4.478997805793919E-6
112	112	0.010773445747571437	1.431544539628602E-6	4.998839409182162E-7	1.946896593573515E-6	0.8588979056156619	1.0360654117597595E-6	1.3074440456728268E-6	6.686565547908644E-4	0.0038993921672643523	0.12575017849510517	6.192105795589051E-7	9.946801541089869E-7	2.585694341047383E-6
113	113	4.080135166827086E-6	2.2643688779779715E-6	7.90699560566835E-7	3.0795353781119017E-6	0.7864254369076341	0.05330756797014053	2.0680709015782604E-6	1.2444092617300475E-5	1.1626807286013158E-6	3.1110173528410688E-6	9.79446413613964E-7	1.573351524983681E-6	0.1602354417237029
114	114	2.3085569894050532E-6	1.2811890748983268E-6	4.473810112731076E-7	1.7424135795944459E-6	0.8117997278938385	9.272472142368814E-7	1.1701228854475431E-6	7.040917963218621E-6	6.578494615281158E-7	1.7602262083015017E-6	5.541747445721458E-7	8.902086600765071E-7	0.18818149181836902
115	115	2.0468511879749564E-6	1.1359491630535856E-6	3.966643919142719E-7	1.5448877033162234E-6	0.42341162875456073	8.221313446961316E-7	1.0374738111932984E-6	0.49026873795327214	5.832734292535381E-7	9.978160189075304E-4	4.913516276527107E-7	7.892916058757464E-7	0.08531296939899469
116	116	2.3773058181306335E-6	1.319342886426267E-6	0.9225714839664589	0.033253083410934484	3.6122781509569184E-6	9.54860636911914E-7	1.2049691457775715E-6	0.04415960335016989	6.774402189429747E-7	1.812645745990274E-6	5.706780688450506E-7	9.167190745832767E-7	2.38303269014499E-6
117	117	1.8180613005713648E-6	1.0089767272272377E-6	3.5232662955214026E-7	0.029342706737469366	0.02091428506241169	7.302363701669463E-7	9.215086067653573E-7	0.9488484154507651	5.180771594961606E-7	8.862836241948439E-4	4.364300563012273E-7	7.010673428233991E-7	1.822440966116799E-6
118	118	0.05129315703350198	2.542617523664266E-6	8.878617694331461E-7	0.008453749572594444	6.961527455422338E-6	1.840192881659303E-6	2.3221981920315886E-6	0.9402262811068737	1.3055524758882512E-6	3.4933032840571795E-6	1.0998020856782024E-6	1.7666870434466026E-6	4.5925443186645555E-6
119	119	0.06973210005818602	1.1941823638745279E-6	4.169989614039552E-7	1.6240846945188782E-6	3.269596482963353E-6	8.642770156944584E-7	1.0906587799917988E-6	0.9302536830231568	6.131743084864924E-7	1.6406876514695523E-6	5.165402355036832E-7	8.297537833095423E-7	2.1569643800604665E-6
120	120	3.060854479038293E-6	1.6986946115669005E-6	5.931706163099215E-7	2.3102199486152876E-6	0.311764260825698	1.229412486630522E-6	0.6841319831331913	0.004086674328928096	8.722251519422918E-7	2.3338372405477203E-6	7.347655946456408E-7	1.1803040500967109E-6	3.0682280031858112E-6
121	121	1.187655362031038E-6	6.591178305590468E-7	3.065450283190701E-5	8.963984169237891E-7	0.2766807902323404	4.770296470786203E-7	0.6776724433529739	0.04560971412164938	3.384358471455578E-7	9.055622643370838E-7	2.850995708201723E-7	4.5797487058736203E-7	1.190516394971623E-6
122	122	4.337171801270088E-6	2.4070175236074117E-6	8.405113304209471E-7	0.018557971434364433	0.06622575162091285	1.742053797610981E-6	2.1983533463004425E-6	0.4829909032392254	0.4322034803585931	3.307002387005976E-6	1.0411486855924629E-6	1.6724680895684907E-6	4.3476199428683284E-6
123	123	1.6086574342084441E-6	8.927630287753818E-7	3.117457325121735E-7	1.214155236861928E-6	0.05328596174317211	6.461279194652417E-7	0.0015667656105558439	0.5567414262036257	0.38839732741242294	1.2265675003338317E-6	3.861621466560779E-7	6.203185737242152E-7	1.6125326509224213E-6
124	124	3.2359284041127692E-6	1.7958560856541367E-6	6.270986284867215E-7	4.1691865655988026E-4	0.07079746851628453	1.2997320888997565E-6	1.6401734497782152E-6	0.10578422039313003	0.8229850579869815	2.467327430619106E-6	7.767925180244717E-7	1.2478147613202833E-6	3.2437236770964307E-6
125	125	9.329150016387202E-7	5.177435572930399E-7	1.8079192273808456E-7	7.041297983644756E-7	0.12683140673656973	3.747114930925887E-7	4.728604052681955E-7	0.06319080299824828	0.8099484783078174	2.4609950511691492E-5	2.2394852503680153E-7	3.5974377820670824E-7	9.351623712341303E-7
126	126	0.8048623260009867	1.7182300328678418E-6	5.9999222969119E-7	2.3367880672675326E-6	0.07558913938235963	1.2435510437999072E-6	0.018481289475591252	0.10105306303991908	8.822559636587974E-7	2.360676964080999E-6	7.432155863928913E-7	1.193877847720392E-6	3.1035134078026497E-6
127	127	0.7256230255664863	2.790185253885478E-6	9.743104472083161E-7	0.009663246161360096	0.2291298293397254	2.0193674411994585E-6	2.5483042933914775E-6	0.035562115358560874	1.4326705579954425E-6	3.833436692625057E-6	1.2068868137231505E-6	1.938704540095875E-6	5.039707827265558E-6
128	128	0.6928737596099226	1.858879847501397E-6	6.491060236962853E-7	5.173543823490804E-4	0.2348516916634869	1.345344878415807E-6	1.697733686209616E-6	0.07174268167114482	9.544751283656587E-7	2.55391580350084E-6	8.040532696246623E-7	1.291605564478266E-6	3.357558894827244E-6
129	129	0.8868651151925769	2.349076319295228E-6	8.202787237843165E-7	3.19473726277955E-6	0.06289667637325275	1.7001194560367166E-6	2.1454350608541992E-6	0.050216673954967476	1.2061752804592482E-6	3.227396942057149E-6	1.0160863800132063E-6	1.6322088000814481E-6	4.242964977580031E-6
130	130	0.8737109453047897	1.7646973707688023E-6	6.162182536470612E-7	2.3999835176132685E-6	0.04847174571667958	1.2771812943740378E-6	1.61171588166216E-6	0.07780113162468398	9.061154499873221E-7	2.4245184591466383E-6	7.633149032047022E-7	1.2261647501148874E-6	3.187443966250535E-6
131	131	0.5093768432366762	0.30591657843339126	7.852823574742261E-7	3.0584370123025833E-6	1.0996256249790329E-4	0.006229947834868856	2.0539022329176467E-6	0.0799424687022425	1.1547150258833572E-6	3.0897032992289874E-6	4.161940860303295E-4	1.5625722541051282E-6	0.09799630053211103
132	132	0.263613622152995	0.1750255912441226	7.069112748939694E-7	2.753205375075146E-6	5.542734711805303E-6	1.4651527307624843E-6	0.04438849827783569	0.06560992089341271	1.0394746084859269E-6	2.7813512904162666E-6	8.756571363740486E-7	1.4066277355526273E-6	0.45134579631677074
133	133	4.354916981407021E-7	2.4168656369647524E-7	8.439502130958472E-8	0.016957533258657478	6.617226669447964E-7	1.7491812668151714E-7	0.9830383751474214	1.3282155625110507E-6	1.2409829189257203E-7	3.3205327140853656E-7	1.0454084594316635E-7	1.6793108545966073E-7	4.365407870713504E-7
134	134	3.878650333920738E-6	2.152550037090767E-6	7.516533127524957E-7	0.04292643137975176	5.893547119419763E-6	1.5578856115021935E-6	0.5196545712453956	0.35045441827799423	1.1052653433880262E-6	2.9573894003648327E-6	9.31079487294414E-7	1.4956564349553757E-6	0.08694385541977778
135	135	1.0101420734498714E-6	5.606025731825866E-7	1.9575794941323182E-7	2.663937775207756E-5	1.5348947171443722E-6	4.057302582905906E-7	0.41447177730109014	0.4323035714612677	2.8785142499650764E-7	7.702121108358339E-7	2.4248707227276506E-7	3.8952351006264755E-7	0.15319261465820047
136	136	4.696149768201993E-6	2.6062409568919838E-6	0.6497518361660142	3.544480454880708E-6	0.02575175675437037	0.2882454002010783	2.3803061143742796E-6	0.03622521508521195	1.338221066426104E-6	3.5807155457004787E-6	1.127322223453785E-6	1.810894516295689E-6	4.707462679009527E-6
137	137	0.015017504423161972	1.3901168347347207E-6	4.85417716632297E-7	1.8905550301050173E-6	0.03414047178899638	0.7432434858241176	0.008535436041758	0.19905263411732627	7.137803694306221E-7	1.9098821033073253E-6	6.012911418837136E-7	9.658949401337946E-7	2.510866503602325E-6
138	138	3.4796668694392098E-6	1.9311245933591155E-6	0.7882581246498516	2.6263240775954575E-6	0.04216810240609301	0.14583303720129806	1.763715540205808E-6	0.0013476998712235013	9.915704861796545E-7	2.6531728901887896E-6	8.35302532022219E-7	1.3418033843532684E-6	0.02237741319116057
139	139	2.254948439460451E-6	1.2514377242384212E-6	4.369920768014133E-7	1.7019518254187716E-6	0.10478977075856823	0.5026172136690743	1.1429506772526731E-6	0.36675908281782266	6.42573098035158E-7	1.7193508151296625E-6	5.413058812047791E-7	8.695365278164638E-7	0.025823371707469435
140	140	5.993833252147761E-4	2.1501999554279966E-6	0.8466159171159943	2.92426596088359E-6	5.887112743086872E-6	0.15066531027832442	1.963799274774687E-6	0.0020960978476371123	1.1040586518959656E-6	2.9541606221809526E-6	9.300629660558974E-7	1.4940235276124441E-6	3.883749127577213E-6
141	141	3.285773030554655E-6	1.8235185566837953E-6	6.367581428441506E-7	2.4799801669089763E-6	0.01456677232312459	0.5606719220987122	1.6654378631688787E-6	0.4247426229775536	9.363182406907115E-7	2.505332911189294E-6	7.887578423606256E-7	1.2670354772569E-6	3.2936883780335958E-6
142	142	0.3991084556156686	2.9590121674112956E-6	0.5146555748530419	4.0242483203283586E-6	8.101589898065405E-6	2.141554156901392E-6	2.7024956138347226E-6	0.04167486964647764	1.519357758448839E-6	4.0653880600517405E-6	1.2799124221311042E-6	2.0560105516902973E-6	0.04453225031586307
143	143	0.8342978934005931	1.1810962657826283E-6	4.1242940027306774E-7	1.6062876374989843E-6	3.2337675663830013E-6	8.548060888510437E-7	1.0787071148093916E-6	0.11842055358038944	6.064550172031638E-7	1.6227086558028952E-6	5.108798804400873E-7	8.206611692088922E-7	0.0472696252202212
144	144	0.7714645219165579	1.6895535941397601E-6	5.899786458968552E-7	2.297788190330412E-6	4.625891870697458E-6	1.2227967707220176E-6	1.5430863136652755E-6	0.21829888032046335	8.675315329362597E-7	2.321278392863923E-6	7.308116731698296E-7	1.1739525965642208E-6	0.010219535093397757
145	145	0.7388408469614701	1.94534390920765E-6	6.792985847497687E-7	2.6456623076135323E-6	5.32622972513418E-6	0.05890725334498179	1.7767021845784174E-6	0.14996916929393034	0.007723411533763005	2.6727088142074153E-6	8.414530572512742E-7	1.3516833921965549E-6	0.04454207978387971
146	146	0.0023004330817708134	8.033159621427542E-7	2.805115299190132E-7	0.19990159827546225	2.1994287673186893E-6	5.813915390341592E-7	7.336765587258416E-7	0.24039673133193867	4.124769586990811E-7	1.1036761379055837E-6	3.4747206860667063E-7	0.5573933243903582	1.4509709477320496E-6
147	147	4.607463853570717E-6	2.5570225813247252E-6	0.6427927475515554	3.4775436009578976E-6	7.0009676006533485E-6	1.8506183917173268E-6	2.335354476271706E-6	1.4052403800456743E-5	1.3129490105691035E-6	3.5130943988292496E-6	1.1060329530075743E-6	0.1735060048176109	0.18365943418016636
148	148	2.8534476209309854E-6	1.5835892007472389E-6	5.529767244758115E-7	2.1536769099440498E-6	0.11432834455169216	1.1461061475294075E-6	1.446307965972141E-6	0.10504936815114173	8.131222185733851E-7	2.175693868260411E-6	6.849770717104759E-7	0.5089768504281903	0.2716320269712478
149	149	4.791255346569248E-6	2.6590220788331904E-6	0.5547780498564509	0.022955678583854087	7.280235833384298E-6	1.924439462916979E-6	2.428511644621956E-6	0.0023466406759326194	1.365322478175676E-6	0.4198913815785782	1.1501525498615565E-6	1.8475684255267251E-6	4.8027973644066836E-6
150	150	1.6709753595168026E-6	9.273478561986697E-7	3.2382247853700543E-7	0.017551567209566948	2.539020321212307E-6	6.711583271633811E-7	8.469561367395314E-7	0.1333446164643673	4.761633546539261E-7	0.8490936404106655	4.011217168544839E-7	6.443491508518775E-7	1.6750006986002787E-6
151	151	4.522589395899213E-6	2.5099194652198572E-6	0.8602305296187724	3.413483494022589E-6	6.872002220312768E-6	1.8165280033071843E-6	2.292334725939716E-6	1.29649388899143E-4	1.2887630725424756E-6	0.13960974226166503	1.0856586321150558E-6	1.743967450089775E-6	4.533484203982494E-6
152	152	0.057620689396290926	1.673241906995588E-6	5.84282734783416E-7	0.050591520557521176	4.581231493412413E-6	1.2109913574849922E-6	1.5281886855152923E-6	0.2983698874792289	8.591560052216947E-7	0.5934025568452888	7.2375609859948E-7	1.1626187462834938E-6	3.0222546419996704E-6
153	153	0.09766375128694024	1.4058127334761618E-6	4.90898599344588E-7	0.03413466988056228	3.849027173844365E-6	1.0174422857593858E-6	1.2839429279589877E-6	0.2802078188696403	7.218397095682801E-7	0.5879808669012871	6.080803589058449E-7	9.768009221321376E-7	2.5392168590610004E-6
154	154	4.7182869169633125E-6	2.61852649858429E-6	9.143685783263771E-7	3.5611887574230536E-6	0.05355216208364855	1.8951312095838957E-6	2.3915266233342303E-6	0.2386099110230152	1.344529297697516E-6	0.043274720381426664	1.1326363000898231E-6	0.664539900664572	4.729653155624903E-6
155	155	4.61781964501912E-6	2.5627697761856327E-6	8.948987753591883E-7	3.4853597699890107E-6	7.0167030600543395E-6	1.8547778639832575E-6	2.34060344722036E-6	0.31728227439567946	1.3159000106350735E-6	0.025082140068173827	1.108518886041543E-6	0.6576057592410518	4.628943860461121E-6
156	156	3.5861147136506058E-6	1.990200377788967E-6	6.949621059811238E-7	2.706666980163477E-6	0.08939110037575361	1.4403867409066515E-6	1.8176700491003055E-6	0.15471333905732235	1.0219040050473618E-6	0.05016158904132664	8.608555970523826E-7	0.7056243919771941	9.54607878337151E-5
157	157	3.972592904498773E-6	2.204685719963149E-6	0.5081209222445252	2.9983664491570866E-6	6.036291352221332E-6	1.5956182675581237E-6	2.013561672271518E-6	0.1661968164468496	1.1320353428954907E-6	0.32565584048162766	9.536306308414269E-7	1.5318818737304294E-6	3.982162784383682E-6
158	158	0.0176628837639933	1.5182232433290137E-6	5.301514532449269E-7	2.0647793896012805E-6	0.00490975349410402	1.0987982184270728E-6	1.3866085787366349E-6	0.3000907013329025	7.795588978018107E-7	0.677324829423135	6.567032099786832E-7	1.0549071215333192E-6	2.742255752476205E-6
159	159	2.623161027866177E-6	1.4557861322138407E-6	5.083489117942093E-7	1.9798650920871854E-6	0.14488267203722205	1.0536100112523143E-6	0.8326505877153506	7.519834202841187E-5	0.005712569542957265	2.0001051787052075E-6	0.01666571048198776	1.0115239409287727E-6	2.6294801591134348E-6
160	160	2.006348471184883E-6	1.113471208862593E-6	3.888152695057664E-7	1.51431774811504E-6	0.12731323764556937	8.058631600747507E-7	0.845943044099919	0.0026273625002036544	5.71731721358494E-7	1.529798561687416E-6	0.024105640553203328	7.736732479973726E-7	2.0111817159542544E-6
161	161	0.023706790910842376	2.292402687120933E-6	8.004887432331099E-7	3.1176612806000504E-6	0.08190743289572257	1.659102506560722E-6	0.1886710367416008	0.3171414946065995	1.177075189661439E-6	0.03386409276435795	0.3306742653159427	1.5928302577975529E-6	0.024024247204269163
162	162	0.030887402751587804	1.5892816299698713E-6	5.549644753801221E-7	2.161418597859381E-6	0.09361164784707747	1.1502259837365228E-6	0.1592659034563875	0.35771185139687534	8.160450982421748E-7	2.1835146991610913E-6	0.33672285899530907	1.1042806233825888E-6	0.02179077582165508
163	163	0.15261274498423585	2.5295547332859044E-6	8.833003471700161E-7	3.4401874039977598E-6	0.05044819339065255	1.8307388235301721E-6	0.4678684199590008	0.04998812030512966	1.2988451523676054E-6	3.4753563108679444E-6	1.094151812300791E-6	1.7576106242455535E-6	0.27906621161577344
164	164	0.3392375437263809	1.9024648819712027E-6	6.643255702718149E-7	2.5873469497944573E-6	5.208829635427356E-6	1.3768890919798765E-6	0.4936167943240831	0.14771736243343922	9.768546444093163E-7	2.6137973006713996E-6	8.229058541632789E-7	1.3218897558555871E-6	0.019410824212412282
165	165	0.03207636144578117	2.824378629257916E-6	9.862505012976598E-7	3.841147082780019E-6	0.25736013701773075	2.0441145395635034E-6	2.5795334474936253E-6	0.0284364052157526	1.4502277585814466E-6	0.5873253496284288	1.2216770624337741E-6	0.012126467820915973	0.08266033154236935
166	166	4.738907258199087E-6	2.629970251557769E-6	9.183646456347413E-7	3.576752229648335E-6	0.10829358552657592	1.9034135062979194E-6	2.4019783181793016E-6	1.4453295887176689E-5	1.3504052974847149E-6	0.3038610362281769	1.1375862633741477E-6	1.8273823431300427E-6	0.5878104401892466
167	167	0.3730483970974339	0.020726353945609823	5.599347665595559E-7	2.180776377084162E-6	4.390324468119085E-6	1.1605274684530094E-6	1.4645066916107806E-6	0.5720859411397364	8.233536412818624E-7	2.20307037223723E-6	6.9359605887649E-7	1.114170619022866E-6	0.03412471755675656
168	168	0.21099593834163324	1.805284003262118E-6	6.303907821557598E-7	0.006252238517279279	2.5493408792119984E-4	1.3065554458182107E-6	0.0056681190087511345	0.7338178152375616	9.269553828700515E-7	5.024629473349277E-4	0.015750234877394263	1.2543655617177803E-6	0.02675233343094855
169	169	0.17078634117887478	0.010796960364313385	4.748150958313761E-7	0.0035166959715170493	3.722919985607067E-6	9.841074247527555E-7	6.400699643188021E-5	0.7969361991603388	6.981897918045755E-7	1.8681659585890806E-6	5.881575834042752E-7	9.447976100758471E-7	0.01789051517507411
170	170	2.6538341488460225E-6	1.4728089164347929E-6	5.142931323379707E-7	2.0030160312968774E-6	0.15371509743801084	1.0659300735730815E-6	1.3451312165991684E-6	8.09398625018499E-6	7.562400988217336E-7	0.09103214998882268	6.370593701273966E-7	1.0233518828219766E-6	0.7552331869220454
171	171	7.730825227819183E-7	0.18275331003884154	1.4981758840134736E-7	5.834941446212662E-7	0.03315335530972499	3.1051371870594074E-7	0.7051872781261381	0.07026755309269571	0.008634838429873124	5.894591833885254E-7	1.855803480538161E-7	2.9811036066803667E-7	7.749448598151862E-7
172	172	0.946577682717939	0.006194330590277934	4.780556596739839E-7	1.86188204735725E-6	3.7483285288488447E-6	9.908238559822888E-7	1.2503522809571595E-6	7.523678021198149E-6	7.029548648076532E-7	0.027617433979441906	5.921716979833372E-7	0.010427876315477378	0.009165528149907003
173	173	0.9607578871733556	1.1498158653956383E-6	4.0150653382631015E-7	1.5637463799459037E-6	3.148123790201984E-6	8.321672257141936E-7	1.0501384100991333E-6	6.3189417859345865E-6	5.903935357605452E-7	0.026910385299582954	4.973496308975283E-7	0.007165865497723873	0.005150309846179683
174	174	0.7970774730672568	0.04800815300651764	4.0129354901199676E-7	0.004669647264329104	3.146453823453244E-6	8.317257908504633E-7	1.0495813493406276E-6	0.1390940105789218	5.900803531670082E-7	0.011141325632767204	4.970858047580729E-7	7.985028053531727E-7	2.0757267314352504E-6
175	175	0.8188923378571457	0.08025783818717579	4.940081056825485E-7	1.924011994432947E-6	3.8734081242239965E-6	1.0238870856433168E-6	1.2920758268456386E-6	0.08143963809654961	7.264120696338638E-7	0.0193967018344458	6.119321314155476E-7	9.829882868187569E-7	2.5553010583788394E-6
176	176	0.9238153516090817	0.0199884143462513	5.976222956123319E-7	2.327557891605863E-6	8.368464973895502E-5	1.2386390901917448E-6	1.5630782427705628E-6	9.40542725410427E-6	8.787711044038251E-7	0.05609151760230847	7.402799284643918E-7	1.1891621003201921E-6	3.0912547120639895E-6
177	177	0.9297816821090025	1.3638624826591422E-6	4.762499061880622E-7	1.854849184280839E-6	3.7341700157753574E-6	9.870812297929144E-7	1.245629341390858E-6	7.495258929113775E-6	7.002996024508854E-7	0.050995249931015056	0.004218560552210352	0.014984186561895388	2.4634451850820494E-6
178	178	1.5612406920890664E-6	0.7750149682359845	3.025567239072309E-7	1.1783668306202333E-6	2.372280249939763E-6	6.270826707491975E-7	7.913356576811995E-7	0.04111914377750412	4.448932182831938E-7	0.14066197047249598	3.7477964188229646E-7	6.020340805706965E-7	0.043195662944249605
179	179	4.1841935562369865E-5	0.8063662293972026	3.0464017804109266E-7	1.1864812536373667E-6	2.388616152277637E-6	6.314008626101263E-7	7.967849219579161E-7	4.794451368831671E-6	4.4795682434948433E-7	0.15367130459573022	3.773604346145919E-7	6.06179783821619E-7	0.03990909019972463
180	180	3.483392949427584E-6	0.9218845396851522	6.750553993376389E-7	2.629136385197217E-6	5.292959848266018E-6	1.3991278635410807E-6	1.765604153520279E-6	1.0624075603563302E-5	9.926322748750225E-7	2.656013947905738E-6	8.361969866253713E-7	1.3432402077407836E-6	0.07808376287922793
181	181	0.0010970079198319332	0.9228024001463355	3.187065659491773E-7	1.2412655754778117E-6	2.49890758388559E-6	6.605550257808662E-7	8.335754919465575E-7	1.7353326674636463E-4	4.686406832478454E-7	0.007247503765124858	3.9478459149561975E-7	6.341693945029901E-7	0.068672504297049
182	182	0.06353408556924797	0.7551630365221699	5.298915098410416E-7	2.063766988749561E-6	4.154761947356681E-6	1.0982594566311126E-6	1.385928698012726E-6	8.339474756829257E-6	7.791766651545484E-7	0.15683416362725738	7.070197244515031E-5	1.0543898803821806E-6	0.024378606658976697
183	183	0.011890868458670323	0.8098476644994893	6.245101818090436E-7	2.43227806715024E-6	4.896645994376058E-6	1.2943672434758357E-6	1.6334033799294918E-6	9.828590947119924E-6	9.183082796759741E-7	0.1722082163126733	7.735861866418349E-7	1.242664212703886E-6	0.006029606374674194
184	184	0.0893432228100555	0.08809455830501992	2.0983202990619115E-7	0.018973193447606333	1.6452464646062701E-6	4.349003652043943E-7	0.7469962562071957	0.04973644643824958	3.0854659542282834E-7	0.003856323092515054	2.5992075802549427E-7	4.1752842762004E-7	0.0029967237247172096
185	185	2.216285046262819E-6	1.1477978820225702E-4	4.294994014949812E-7	1.6727701237540815E-6	3.3676096646257406E-6	8.901855767622483E-7	0.9623925181375018	0.028564536121114367	6.315555262305015E-7	1.6898707900227768E-6	5.320246392220494E-7	8.546274362885369E-7	0.00891588152497703
186	186	2.385816429893537E-7	1.3240660545617624E-7	4.6235331075488906E-8	1.8007261527199182E-7	3.6252098893508396E-7	9.5827898052865E-8	0.9827501311163905	7.276553204133238E-7	6.798654141585122E-8	4.830126481164816E-4	5.727210619881721E-8	9.200008737022311E-8	0.01676485567635581
187	187	2.1530951470219177E-7	1.194911796520993E-7	4.1725367346903984E-8	1.6250767208899284E-7	3.2715936238419904E-7	0.9192050505587539	1.0913249781742096E-7	0.08079339805195869	6.135488487343761E-8	1.6416898192890064E-7	5.168557495511079E-8	8.302606150266935E-8	2.1582819009715727E-7
188	188	1.6566507377178815E-6	9.193980637373808E-7	3.2104647438552996E-7	4.3689047278867434E-5	1.298332596931424E-4	0.8894302791678697	8.396955112192498E-7	0.11038802934157209	4.7208139142743336E-7	1.2631613860589795E-6	3.976830563999479E-7	6.388253962137012E-7	1.6606415691351284E-6
189	189	2.8636573391245906E-7	1.5892553287516458E-7	5.549552912043919E-8	0.002068932498761184	4.3512815049101777E-7	0.8116925233109386	1.451482897744298E-7	0.1862366969514374	8.160315934109315E-8	2.1834785639063208E-7	6.874279395028076E-8	1.1042623485059967E-7	2.8705558201483884E-7
190	190	3.0229298341343165E-6	1.6776474202073773E-6	5.858211048760768E-7	2.2815958268867543E-6	4.593293512529979E-6	0.6991190923283949	1.53221228510122E-6	0.3008591262795122	8.614180948311933E-7	2.3049204954957773E-6	7.256616909953926E-7	1.165679829218132E-6	3.0302119987327613E-6
191	191	2.3786095296660175E-6	1.3200664124139808E-6	4.6095666760216234E-7	1.795286650519694E-6	3.6142591197740144E-6	0.9997928070322283	1.2056299493490562E-6	1.900541555450628E-4	6.778117263112037E-7	1.8136397986487875E-6	5.709910279837823E-7	9.172218021764731E-7	2.3843395422898194E-6
192	192	7.241503591730101E-7	4.01884611475526E-7	1.4033490248993035E-7	5.465619541913165E-7	0.00786658335879034	0.9921270905875865	3.670452631935111E-7	2.208601864875973E-6	2.0635484678683476E-7	5.52149436560272E-7	1.7383406264965217E-7	2.792415018957191E-7	7.258948198118164E-7
193	193	0.878641834833549	0.0067551006681250735	4.4045230870573325E-7	1.7154283809870913E-6	3.4534889837826233E-6	9.128867027444707E-7	1.1520008971730015E-6	0.11458930932194185	6.476611809838322E-7	1.7329651410203672E-6	5.455921005198996E-7	8.764217740148507E-7	2.278278914160989E-6
194	194	0.9911730282099004	2.1662816542485119E-4	8.10610202843185E-7	3.1570813011765285E-6	6.3558150345195305E-6	1.6800803643395896E-6	2.1201470907871356E-6	0.008585028542659126	1.1919582459078779E-6	3.1893560249702534E-6	1.0041098991435897E-6	1.6129701626447952E-6	4.19295368928407E-6
195	195	0.7212732458648456	0.013270520525841852	3.759651721715057E-7	1.4642705097876673E-6	2.9478596313765476E-6	7.792298952386796E-7	9.833351014098995E-7	0.2654444923443553	5.528363516424853E-7	1.4792396923187228E-6	4.657113243659277E-7	7.481038392796617E-7	1.9447134395417863E-6
196	196	0.7712200720192589	2.9904631410441474E-6	1.0442458887822285E-6	4.067021557021543E-6	8.187700693105207E-6	2.164316470643736E-6	2.7312201048083344E-6	0.22543142963319543	1.5355068237775053E-6	0.0033170050376344204	1.29351645265323E-6	2.0778636330538147E-6	5.401455146421587E-6
197	197	0.7032437739046568	1.063980964983411E-6	3.7153367088100587E-7	1.4470111540439262E-6	0.0636035978305736	0.0789736665899147	0.11251770432173319	5.847226483311128E-6	5.463200698507737E-7	1.4618038948282077E-6	4.602219852257944E-7	7.392859397118704E-7	0.041649319968958924
198	198	0.7645657600420844	9.094404398768738E-7	3.175693515159454E-7	1.2368364695894432E-6	0.03727987096850625	0.059862758731820176	0.10129623634308779	4.697696436243075E-5	4.6696847123237636E-7	4.3228513234850595E-5	3.93375914099441E-7	6.319065399979539E-7	0.036901212339717715
199	199	1.5383531249553244E-6	4.026196688494084E-5	2.9812128524278905E-7	1.1610921399971574E-6	2.3375029579080685E-6	6.178897277277253E-7	0.04224639255987388	0.17446488586458417	4.383711467971002E-7	0.043113766647242424	3.692854254828616E-7	0.7401263902866262	1.5420589802947237E-6
200	200	3.3131023793692788E-6	1.838685634337098E-6	6.420543654482426E-7	2.500607350346343E-6	8.990644271537867E-5	1.3307295275147011E-6	1.6792901079430532E-6	0.3423847074031299	9.441060481757013E-7	0.01527952877038954	7.953183193027912E-7	0.5969077180281791	0.04532509546185375
201	201	0.00650126490773193	1.6235755417109925E-4	3.054026880866056E-7	1.1894509993896464E-6	2.3945948246336533E-6	6.329812500152991E-7	7.987792633183135E-7	0.2645946299560493	4.490780539283237E-7	0.019298414859877027	3.7830496243105723E-7	0.6779464279757506	0.03149075615437826
202	202	2.0946275558307554E-6	1.1624638043711248E-6	4.059230932867651E-7	0.02554297258449019	3.182753054577329E-6	8.413210394725482E-7	1.0616899001476534E-6	0.12272311675604479	5.968878464032773E-7	1.5971095092410986E-6	5.028204614630017E-7	0.8517203653897375	2.0996734627723455E-6
203	203	3.6412666419242194E-7	2.0208082632724178E-7	7.056501355848763E-8	2.74829361931763E-7	5.532846397849665E-7	1.4625388784047516E-7	1.845624539176008E-7	1.110557799770852E-6	1.0376201716759294E-7	0.9999963971521746	8.740949521577412E-8	1.40411829258069E-7	3.650038364884475E-7
204	204	3.3486280736650323E-6	1.8584014705147558E-6	6.489389782661872E-7	2.52742083272929E-6	0.06477072745060072	0.0568750123256989	1.6972967796897996E-6	0.1202770027855846	9.542294971397647E-7	0.7580607707081236	8.038463489994594E-7	1.2912731737760402E-6	3.35669483741722E-6
205	205	4.488786009490082E-6	2.49115946511559E-6	8.698930256132814E-7	0.018516761735613337	0.064516154070437	0.09440851016563577	2.275201028905386E-6	0.06199324609595082	1.2791304147180721E-6	0.7605466156865481	1.077544046633767E-6	1.7309324384095666E-6	4.499599386035973E-6
206	206	9.874503627366708E-5	2.0588578739862223E-6	7.189367563133905E-7	2.8000409840938067E-6	5.637023847736248E-6	1.4900768868286626E-6	1.88037563185304E-6	0.09305078386514301	1.0571574253177598E-6	2.8286656981102176E-6	0.9068268506425764	1.4305563052312873E-6	3.718764597550114E-6
207	207	2.064678903364867E-7	1.1458430813292771E-7	4.001192693015019E-8	0.0035279979875730135	3.1372465563691184E-7	8.292919647316642E-8	1.046510026399905E-7	0.03369231564206204	5.883536386758541E-8	1.574274290870615E-7	0.9627783211567055	7.961661975372532E-8	2.0696526647295746E-7
208	208	1.9596152257446287E-6	1.0875354733501564E-6	3.79758717425359E-7	1.479045219930841E-6	2.9776039793677303E-6	7.870924423295969E-7	9.932571007944573E-7	0.24267159157615154	5.584145537557762E-7	1.4941654437698364E-6	0.7573139719474811	7.556523197745362E-7	1.964335891260035E-6
209	209	1.0612197976727322E-6	5.889493814031902E-7	2.0565642886218035E-7	8.009695211708736E-7	1.6125065017972731E-6	4.262459647308345E-7	5.378934015689573E-7	0.19198671133028702	3.0240660103517677E-7	2.454779870630203E-4	0.8077608018390773	4.092197240391145E-7	1.0637762504075983E-6
210	210	1.8298218390322791E-6	0.975372235519543	3.546057336045449E-7	1.381081963841835E-6	2.7803850051053457E-6	7.349600683800967E-7	9.274695924639813E-7	5.5808132591313646E-6	5.214284581339244E-7	1.395200712986141E-6	0.024609718881634237	7.05602354622162E-7	1.8342298354294161E-6
211	211	5.877249885693729E-7	0.9712976346438497	1.1389668998572313E-7	4.435931215257459E-7	8.930387158392466E-7	2.360636366740937E-7	1.5353734734895947E-5	1.792515172223237E-6	1.6747889223935554E-7	4.4812795737831147E-7	0.028681513407277006	2.266341602000725E-7	5.891408038016861E-7
212	212	0.8036053733898483	1.754976423166026E-6	6.128237762398854E-7	2.3867630559019885E-6	0.04593650397778993	1.2701458600567942E-6	1.6028376423131806E-6	0.1372376835444243	9.011240554528839E-7	2.4111628451508736E-6	0.007777554701637264	1.2194103436734897E-6	0.0054307251422982174
213	213	0.7532763919952238	9.530492532945999E-7	3.327972015105224E-7	1.2961443345859321E-6	0.04768991578313324	6.897594449266498E-7	8.704294815557986E-7	0.1369082795612802	4.89360197002445E-7	1.3093947695303768E-6	0.03167463788793363	0.016013742952101492	0.014431090885645243
214	214	0.0010693107212094227	1.4443335020917147E-6	5.043497446563062E-7	1.964289546964426E-6	3.9544946245424475E-6	1.0453212897946563E-6	1.319124333892897E-6	0.34622141652892807	7.416188876676574E-7	1.9843704053685323E-6	0.5697561402078023	1.0035663094478933E-6	0.08293917107341578
215	215	1.0208940506178685E-6	5.665696408115925E-7	1.9784160185962154E-7	7.705331361917905E-7	1.5512321744068478E-6	4.1004886117642764E-7	5.17453759091764E-7	0.24915697900505065	2.909153226705921E-7	7.784102675584217E-7	0.66505564509523	3.936696079202372E-7	0.08578087833129713
216	216	0.895972160853573	9.957137853473284E-7	3.476953159802843E-7	1.3541679795515405E-6	0.005196357649372879	7.206374544786374E-7	0.04881185273314262	0.049965448900337515	5.112670646046869E-7	1.36801158804336E-6	4.30693207952628E-7	6.918518523459115E-7	4.7759825325601245E-5
217	217	0.0171944528489388	0.022076698877248987	2.6013009929914845E-7	1.0131279738276486E-6	2.0396224847128275E-6	0.08434993944012588	6.80369024866506E-7	0.33269078282677544	3.825071727211383E-7	0.4887323835917161	3.2222541346671127E-7	5.176126418143835E-7	0.05495052682038406
218	218	3.3114160956259237E-6	1.8377497907260976E-6	6.417275763198573E-7	2.499334605637438E-6	0.03113728891342184	1.3300522204737162E-6	1.6784353925478892E-6	0.12436947056051291	9.436255225236854E-7	0.08500122184485648	7.949135227710015E-7	1.2769237662192755E-6	0.7594777045027159
219	219	3.722754795816737E-5	3.660512113890494E-5	2.710440300044065E-7	1.0556344293731781E-6	0.04478827240332263	5.617690859116509E-7	7.089143581878059E-7	0.08144339579395297	3.985555146415473E-7	0.11336376223681512	3.357445942286598E-7	5.39329423225485E-7	0.7603268659053767
220	220	2.0613345820692423E-6	1.1439870700085394E-6	3.994711649444835E-7	1.5558192344260556E-6	3.132164913673496E-6	8.279486959195392E-7	1.0448149125680786E-6	0.09331363143486446	5.874006364438968E-7	0.19210803430786838	4.948284017845927E-7	7.948765851113498E-7	0.7145662916110702
221	221	6.387525532677656E-7	3.544910507151812E-7	1.2378544889544107E-7	4.821068433321229E-7	1.733359349148845E-5	2.5655919620891396E-7	3.2376024683249577E-7	0.07597544632609257	1.820197747534059E-7	0.20211650028756903	1.5333411073520672E-7	2.4631103203195657E-7	0.72188795867259
222	222	0.25395590664873047	0.5136953556198701	7.179133506382905E-7	2.7960551288590177E-6	5.628999550542112E-6	1.4879557640331955E-6	1.8776989192269867E-6	0.21021463477170746	1.0556525628955184E-6	2.8246390956267795E-6	8.89285503161504E-7	1.428519909917698E-6	0.022115396239907072
223	223	0.21931207095714	0.5441771686618802	8.486199910826915E-7	3.3051179176559783E-6	1.1883168890555821E-4	1.758859904308265E-6	2.219561509301449E-6	0.2173018463365816	1.2478495736488597E-6	3.338906014230585E-6	1.051192953985207E-6	1.6886028824202597E-6	0.01907462364474612
224	224	2.1714105350189925E-6	1.2050763604074683E-6	4.208030581459598E-7	0.03671436778558215	3.2994235628357698E-6	8.721614319254327E-7	1.1006083767429197E-6	0.17628334662721376	6.187680259896274E-7	1.6556549178833323E-6	5.212524031800203E-7	8.373232593895945E-7	0.7869895831052726
225	225	2.4983677498059894E-7	1.386529109231417E-7	4.841649114880089E-8	0.036173586786634494	3.796229819004154E-7	1.003485964080051E-7	1.2663309997235415E-7	0.1542433127751202	7.119381875570011E-8	1.9049529257309335E-7	5.997392812697398E-8	9.634020806678552E-8	0.8095816389241424
226	226	0.38314395178658833	0.2842430762861343	9.422720030409571E-7	3.6698641480068425E-6	7.388146044212967E-6	1.952964180099643E-6	0.0023690583637996933	0.1915843743085675	1.3855597671647843E-6	3.707381031621235E-6	1.1672005146502189E-6	1.8749537332120535E-6	0.1386374509134882
227	227	0.42470274643867906	0.2936553103912489	8.066342575135878E-7	3.1415961979659545E-6	6.324640527939615E-6	1.6718397726784997E-6	2.10974802488085E-6	0.13745594741657022	1.1861118343968092E-6	3.173712618130041E-6	9.991848611291415E-7	1.6050587384331908E-6	0.1441649772266687
228	228	4.133710775504477E-6	0.956118173271777	8.010821112682758E-7	3.119972269435335E-6	0.014407849339419992	1.6603323282200257E-6	0.014297769574394782	1.2607494026604313E-5	1.177947705107079E-6	3.1518676289886604E-6	0.01514381772782407	1.5940109546760685E-6	4.143668784430016E-6
229	229	5.23316442824204E-6	0.8227214646015645	1.0141479741718405E-6	3.949799292747568E-6	5.441867171605214E-4	0.012603624612566346	2.6524991537566996E-6	0.13876676894473575	1.491249476190895E-6	3.990177942852831E-6	1.25623390439777E-6	0.02493694582514487	4.0742202665578197E-4
230	230	9.613345463915918E-7	0.7755429993384851	1.8629941712952155E-7	0.026277361266121096	0.041152593095915985	3.8612639158672195E-7	0.04216131228392299	0.0920819768226783	2.739431673528084E-7	0.0078320077380184	2.3077070617703755E-7	0.014948747330251507	9.636503779805176E-7
231	231	0.631882799643782	0.12223336454023609	5.277842790147292E-7	2.0555599627145084E-6	4.138239617240304E-6	1.0938919849141257E-6	1.380417245911145E-6	0.09928680343176874	7.760780967542933E-7	0.024350773337860857	6.537709706986911E-7	0.10911669987845209	0.013118933425742937
232	232	0.5910469639627838	0.14649475496110012	4.735963572147973E-7	0.00551099796971367	3.7133641260888525E-6	0.033118506329785205	1.2386889968008245E-6	0.16127540009774047	6.963977029084055E-7	1.8633708161938628E-6	5.866479212940734E-7	0.054216020694003976	0.008328783918952242
233	233	0.6315074141194008	0.16165032909524293	8.392990655832515E-7	3.2688157350523944E-6	0.0021145495881396987	0.024298853951199875	2.1951826734420338E-6	0.12493809857015915	1.2341436593023809E-6	0.009877472015757583	1.0396470426083943E-6	0.03284160551410457	0.012763100057819509
234	234	0.6427893610095909	0.04177556882148299	5.056307257001565E-7	1.969278580271084E-6	3.964538513144986E-6	1.0479762663682491E-6	1.3224747336583415E-6	0.19390671685270522	7.435025006701999E-7	1.9894104413756625E-6	6.263291717843109E-7	0.12151356875518915	2.615420098715424E-6
235	235	0.12342792880632669	0.6601799340705984	7.369357099073805E-7	2.87014145856726E-6	5.778149655747366E-6	1.5273817324941347E-6	1.9274518084983182E-6	0.09635450301524437	1.0836239083188626E-6	0.10521052078450471	9.128486648144964E-7	1.4663710223469936E-6	0.01481081041936519
236	236	2.6514907940655678E-6	0.6352232988333434	5.138390077760634E-7	2.0012473536293948E-6	0.02839610800624135	0.04333634362799673	0.06296655287525754	0.06881472831483812	0.006996889898089064	2.021706030305615E-6	6.364968420880801E-7	0.09455072129730398	0.05970753236690196
237	237	3.344897944000131E-6	0.6831823011172617	6.48216107143957E-7	0.011313175390836816	5.08251890360218E-6	2.5840374554877196E-4	1.695406113742795E-6	0.11543025173646723	9.531665544432026E-7	0.18354356543152742	8.029509222615643E-7	1.2898347887822355E-6	0.00625848558702409
238	238	0.0027564547682407538	0.7786215198443998	5.786072302511069E-7	2.253499969460284E-6	4.536731119609552E-6	1.1992282391711489E-6	1.5133444306802068E-6	9.106166642008478E-6	7.733606223827758E-5	0.2032235904477985	7.167258018384259E-7	1.15132550147056E-6	0.015300043248388195
239	239	0.1296159477191419	0.043616053441772676	3.326069849924158E-7	0.41575169304731047	2.607897690389626E-6	0.0456822315766974	0.1592927153913123	0.14927264153267514	4.890804939510032E-7	0.019258782648897212	4.120031613021733E-7	0.030821413599940242	0.0066846794539220334
240	240	0.18889980644006812	0.051465768983538066	5.530171484766683E-7	0.3908083107935124	0.01908409795670078	0.024271188111075988	0.13114739583096727	0.1145603771942673	8.131816598695652E-7	0.02726942174625181	6.850271452714562E-7	0.052488721187060945	2.860530603747134E-6
241	241	0.04074475747985164	0.5019503763227625	6.32869434847051E-7	0.012802153215309652	0.016150974329132053	1.311692730917818E-6	0.18087045447352917	0.24747060217220726	9.30600106935655E-7	2.4900327407295614E-6	7.839408659876772E-7	1.2592976398246054E-6	3.273573688524634E-6
242	242	0.04089093682878934	0.5220041889039984	6.274106847156889E-7	0.012691729561238447	4.919388195149083E-6	1.300378860357874E-6	0.25669013856151507	0.167707496885609	9.225733115553277E-7	2.4685552197716426E-6	7.771790647857837E-7	1.2484356977267413E-6	3.2453378158180053E-6
243	243	3.1899177477869193E-6	0.637881531386393	6.181821087512902E-7	0.009644966151953241	4.847028975321847E-6	0.020430430657990765	0.3093806554626585	0.0011537613659873417	9.090031921808494E-7	2.432245271721748E-6	7.657475475801658E-7	0.01495536743794778	0.006540525412226026
244	244	2.6831360722689545E-4	0.6182664226161525	5.025405283166528E-7	0.007043548330245887	3.940308959999939E-6	0.02697166403697512	0.3162086122635837	8.715003825650839E-4	7.389585333726864E-7	1.977252020955026E-6	6.225013174442096E-7	0.013818461722008976	0.01654369547988181
245	245	1.5702842939008567E-6	8.714669341339011E-7	3.0430930603653446E-7	1.1851926073619934E-6	2.3860218581845E-6	0.9795087571727421	7.959195278197391E-7	8.524165692962019E-5	4.4747029504996407E-7	0.020395883966447242	3.7695058058862345E-7	6.055214073675169E-7	1.5740670706512185E-6
246	246	8.312430465713544E-7	4.6131826709934507E-7	1.6108866122671314E-7	6.450962201574439E-5	1.2630605083975652E-6	0.9716490590972058	4.2132661945371626E-7	2.5352261717018067E-6	2.36872121024347E-7	0.02813010928244815	1.9954192386204397E-7	3.2053779139188675E-7	1.4989178321959278E-4
247	247	1.5501431832645803E-6	0.01703655693728377	3.004061100201593E-7	8.059048803483479E-5	2.355417762854166E-6	0.7037456482625185	7.857107373926457E-7	0.279128065204059	4.4173085744999945E-7	1.1819516132046756E-6	3.7211565778035684E-7	5.977547413530934E-7	1.5538774405682807E-6
248	248	1.3268907344247144E-6	0.026071954110824826	2.571414616750833E-7	1.0014881351902435E-6	2.016189239144071E-6	0.7392062327957252	6.725522575203089E-7	0.2347129887164392	3.7811254353001753E-7	1.0117263108539214E-6	3.185233620827647E-7	5.116657843757937E-7	1.330087181997901E-6
249	249	2.2149017870673844E-6	1.2292128739238224E-6	4.292313362487921E-7	1.6717260907857442E-6	0.007549714841078628	0.8665260551747814	1.1226524976254218E-6	0.12591163625806925	6.311613508555608E-7	1.6888160839445413E-6	5.316925844732062E-7	8.540940341154228E-7	2.2202374317127497E-6
250	250	2.7826627389148716E-6	1.5443054326084312E-6	5.392591458132299E-7	2.100251094501368E-6	4.228211505900492E-6	0.9200622273210973	1.4104297048891843E-6	0.07991772250522865	7.929512647124487E-7	2.12172188270921E-6	6.679849878715759E-7	1.073029810233373E-6	2.78936610591265E-6
251	251	0.32129300916629033	6.293985246461168E-7	2.1978094722071177E-7	8.559802435149033E-7	1.7232537213901506E-6	0.028733402842796053	5.748360114714421E-7	3.4589300400924995E-6	3.2317593760147915E-7	8.647308974565783E-7	2.7224456831832346E-7	4.373250039802395E-7	0.6499642283350179
252	252	0.31019219952426214	2.4207343844146224E-6	8.453011488635601E-7	3.292192032101091E-6	6.6278190575439725E-6	1.7519812323829097E-6	2.2108810934233947E-6	1.3303416759746008E-5	1.2429693965476023E-6	0.04391680574389615	1.0470818753012266E-6	1.6819989765537796E-6	0.645856570355885
253	253	0.9238146198793751	9.86913966953998E-7	3.446224895497745E-7	1.342200251003964E-6	2.7021085999552095E-6	7.142686778079077E-7	9.013584656053498E-7	5.4236961696143075E-6	5.067486403494246E-7	1.355921513855471E-6	4.2688687116288275E-7	6.857374741527748E-7	0.07616998965750488
254	254	0.6686744985265544	1.0333283653608678E-6	3.608300274563448E-7	1.405323703784932E-6	2.8291883143947924E-6	0.19455925307752034	9.437492031274195E-7	5.678771691172942E-6	5.30580943947185E-7	1.419690275327936E-6	4.469632891448563E-7	7.179875925963118E-7	0.13675088198251895
255	255	2.519767989292796E-7	1.3984056854461416E-7	4.883121172217351E-8	0.0019366683289713444	3.8287471404753246E-7	1.012081512095202E-7	1.27717799639397E-7	0.05618445445753378	7.18036428184189E-8	1.921270158782353E-7	6.048764610343338E-8	0.941877247762141	2.5258380492196676E-7
256	256	1.172952600832934E-6	6.509581805680345E-7	2.2730940719436027E-7	8.853013156234166E-7	1.7822827083427737E-6	4.711241856041581E-7	5.945266623604318E-7	3.577413542360492E-6	3.3424612881434955E-7	8.9435171778611E-7	2.8157013707915625E-7	0.9999879521851982	1.1757782151786552E-6
257	257	1.7392455432475362E-6	9.652360322058207E-7	3.370527275529189E-7	1.3127183200206046E-6	2.642755772987823E-6	6.985794989041215E-7	8.815597894731063E-7	5.304562652817784E-6	4.956177167562292E-7	1.3261381901968457E-6	4.175101412271579E-7	0.9999821355882711	1.7434353435465786E-6
258	258	1.0255878267253798E-6	5.69174564448549E-7	1.9875122042710997E-7	7.740758250952216E-7	1.5583642920962662E-6	4.119341474569553E-7	2.6792468833441884E-5	3.127962526023689E-6	2.922528673355196E-7	7.819891732377093E-7	2.4619486307691813E-7	0.9999631931854177	1.0280584429070863E-6
259	259	1.3564925531296465E-6	7.52818079530507E-7	2.628780718815953E-7	1.0238304949972065E-6	2.061168729002257E-6	5.448442238138955E-7	6.875563339526767E-7	4.137196018177671E-6	3.865479170489147E-7	1.0342970757676518E-6	3.2562935097321196E-7	0.999986066980841	1.3597603107656033E-6
260	260	1.6396030084366017E-6	0.011383439538957924	3.177427524498048E-7	1.2375118137239902E-6	2.491350535740503E-6	0.012979262420881607	0.013861475957374298	5.00066072773178E-6	4.6722344788112426E-7	0.9118216749913579	0.010458880199132343	0.03948246924723767	1.6435527722877894E-6
261	261	2.1694796860605433E-6	1.2040047894641486E-6	4.2042887411515133E-7	1.6374431660101132E-6	3.296489668739263E-6	8.713858936450042E-7	1.099629700208187E-6	6.61674308346106E-6	6.182178087095527E-7	0.9999785341038218	5.207888981709315E-7	8.365786997049084E-7	2.17470590996706E-6
262	262	2.7045815411899257E-6	1.5009723990557454E-6	5.241275959489988E-7	2.041318289354545E-6	0.008733851711171695	1.0863131000249417E-6	1.3708532089220392E-6	0.0022253261314203084	7.707011430500575E-7	0.9890264200311957	6.492414056235758E-7	1.0429207166641445E-6	2.7110968124775572E-6
263	263	2.6065215129452338E-6	1.4465516342888778E-6	5.051242987365329E-7	0.0032070064804945353	1.3750386666042125E-4	1.046926639809674E-6	1.3211501763682199E-6	7.949686417202771E-6	0.002471293788012265	0.018965135865804	0.9752005661302552	1.0051075343379555E-6	2.6128005600049184E-6
264	264	2.3371678979432976E-6	1.2970673848600663E-6	4.529255905293385E-7	1.7640080369937491E-6	3.5512892234862505E-6	9.3873897526363E-7	1.1846247058521041E-6	7.128178992855513E-6	0.005448979584755954	1.7820414250292956E-6	0.963573734596788	0.030954506978144617	2.342798078682143E-6
265	265	1.3739670878126322E-6	0.15201712096155034	2.662645054996001E-7	1.0370196285851865E-6	2.087721004839921E-6	5.51862986477866E-7	0.019112732217178786	4.190491979989742E-6	3.9152748362856376E-7	0.06420059330400014	0.7549785397471084	5.298190193459845E-7	0.009680585096466212
266	266	2.8744591099678346E-6	0.15890688935431432	5.570485932911801E-7	2.1695356060877136E-6	4.367694622865434E-6	1.154545551349977E-6	0.009574065036490605	8.7668750976452E-6	8.191096803567554E-7	0.058616007334246975	0.7725101619616358	1.1084276474321002E-6	3.710586174033997E-4
267	267	0.11837473191582831	0.7515648577616368	6.083392488548277E-7	2.3692971795753386E-6	4.769853291259173E-6	1.2608511751681116E-6	1.5911083824844283E-6	9.574091517214891E-6	8.945298016711395E-7	0.01737213811242438	0.11266284696347256	1.2104869316065177E-6	3.1466891100994416E-6
268	268	0.7251258431874352	4.3360911629866546E-7	1.5141284666537615E-7	5.897071925427552E-7	2.1202239495076567E-5	3.138200699904974E-7	3.9601957295804943E-7	0.12943967834983094	2.2264436160087938E-7	5.957357470660099E-7	0.07579716261267626	0.025299318044905712	0.04431409261674958
269	269	0.1824692272459217	6.877201662163123E-7	2.4014639951498174E-7	9.352975138906385E-7	1.8829347214845347E-6	4.977302888328224E-7	6.28101754096956E-7	3.779443149220108E-6	3.531222283200709E-7	0.05320490240527257	0.7296182928431177	4.778486327036472E-7	0.03469809516083376
270	270	0.21362046300584933	1.5800088801450315E-6	5.517265050639542E-7	2.1488076838799085E-6	4.325965308022125E-6	1.1435149278807893E-6	1.4430380231073732E-6	8.683115649531221E-6	8.112838388787666E-7	2.170774864280747E-6	0.7442710048273723	1.097837638222533E-6	0.0420845760934594
271	271	0.9455900427223217	1.3976501689399724E-6	4.880482968807832E-7	1.900800343678188E-6	3.826678583623273E-6	1.0115347149132865E-6	1.2764879755597912E-6	7.680942940889454E-6	7.176484947116853E-7	1.9202321543370927E-6	0.053999155266197904	3.880575143918197E-4	2.524473414937959E-6
272	272	0.9724067870577807	2.446154181487927E-6	8.541775393541008E-7	3.326762885442606E-6	6.697416869086643E-6	1.7703785450703904E-6	2.234097250102897E-6	1.3443114099772895E-5	1.2560216463243612E-6	3.3607722577114993E-6	0.02755170607590023	1.6996614152487388E-6	4.418309629432611E-6
273	273	3.646889689322789E-4	0.10157493858629144	4.5683686127763797E-7	1.7792412522925258E-6	3.581956631000892E-6	0.0402197564720266	1.194854615701749E-6	0.027544392722400123	6.717537750260652E-7	0.7929041553823366	5.658877881053551E-7	0.010448137350524616	0.026935679986564962
274	274	4.8375682292619304E-6	0.08724567717870046	9.374844010533229E-7	3.6512178878689606E-6	7.350607517575168E-6	0.05167854510581589	2.451985946611668E-6	0.07994618905205134	1.3785198586523207E-6	0.7604056795936217	1.161270070483489E-6	0.00471100422449906	0.01599113619140003
275	275	1.2014727821194928E-6	6.667861392652447E-7	2.328364041904194E-7	9.068272954429586E-7	1.8256186674512142E-6	4.825795054289929E-7	6.089824964479913E-7	3.6643978609873997E-6	3.42373277499937E-7	0.9999881120389522	2.884164762651355E-7	4.6330304185586834E-7	1.204367100889697E-6
276	276	1.8367958964240351E-6	1.0193739405684005E-6	3.5595725356394803E-7	1.3863457248665946E-6	2.790981973718988E-6	7.377612447504927E-7	4.798447829228419E-5	5.602083587822183E-6	5.234157947779355E-7	0.9999347723666172	4.409273417999022E-7	7.08291639016918E-7	1.8412206931561557E-6
277	277	1.5468875369664143E-6	8.584823426726419E-7	2.9977519021185233E-7	1.1675335990775372E-6	2.3504708603982774E-6	6.213176308718762E-7	0.07640134743140257	4.717885803162575E-6	4.408031241629271E-7	0.10972792219427013	3.713341319336987E-7	5.964993231234051E-7	0.8138577593847848
278	278	1.931401070416165E-6	1.0718773510988068E-6	3.742910259622526E-7	1.4577502172054493E-6	2.9347330218058395E-6	7.757600398589493E-7	0.06501374201078783	5.890621957042289E-6	0.003266031623918787	0.1381412248962031	4.6363754491505395E-7	7.4477258601643E-7	0.7935633566242759
279	279	0.24252989622240878	0.7574558580472176	3.0330882703061936E-7	1.1812960445618762E-6	2.3781773239247376E-6	6.28641488643583E-7	7.933027797867826E-7	4.773498460664391E-6	4.459991450486744E-7	1.1933723897426753E-6	3.757112785539327E-7	6.03530632048833E-7	1.5688920036162995E-6
280	280	0.2109203105965863	0.789056167463509	5.008105456762174E-7	1.950505438545866E-6	3.92674454934119E-6	1.037985903821124E-6	1.3098675759653094E-6	7.88179622820071E-6	7.364146879259947E-7	1.9704453825263284E-6	6.203583729210405E-7	9.965239328104868E-7	2.5904872869354834E-6
281	281	0.03704196462940034	0.3078461211389283	6.144664130089466E-7	2.3931606287551783E-6	1.6726874540192994E-4	0.2653647376360513	1.6071339508902623E-6	9.67052131434365E-6	9.035394635430443E-7	2.4176258201515185E-6	7.611448829899513E-7	1.2226788987536824E-6	0.38956031757884574
282	282	0.08474907858438545	0.30589583813051263	6.657286530836753E-7	2.5928115325171885E-6	0.09979915495411852	0.26110244285763057	1.7412100935053744E-6	0.08493212402237069	9.789178014253799E-7	0.04277144865627115	8.246438650293717E-7	1.3246816411579342E-6	0.1207417848011243
283	283	1.4968260984457346E-6	0.8799285097513763	2.9007365930143715E-7	1.1297490736390101E-6	2.274403305608073E-6	6.012101223191182E-7	7.586862621822861E-7	0.12006093452041662	4.2653755024584603E-7	1.1412984560683847E-6	3.593167613284092E-7	5.771950017176416E-7	1.5004319161862086E-6
284	284	2.4929948528549333E-6	0.9824123752443183	4.831236844000654E-7	1.881620469154178E-6	3.788065788059702E-6	1.0013279044119926E-6	1.2636076752778224E-6	0.016292775569449632	0.0012779788095081018	1.9008562046748117E-6	5.984495042319065E-7	9.613302239116737E-7	2.4990004169459583E-6
285	285	1.1214629963189232E-6	0.8729791569984142	2.1733110843749611E-7	8.464388632235386E-7	1.7040450781780401E-6	4.504430447153298E-7	5.684284699047133E-7	0.12701293436170052	3.1957358282163966E-7	8.550919759921686E-7	2.692099317384918E-7	4.3245026042685577E-7	1.1241645734571163E-6
286	286	1.8902505521851323E-6	0.9381449511999939	3.6631636449835846E-7	1.426691325394605E-6	2.8722054678105354E-6	7.592316614956485E-7	9.580986913005326E-7	0.06184171861349158	5.386483043802526E-7	1.4412763373323254E-6	4.53759262492591E-7	7.289044277409255E-7	1.89480411988554E-6
287	287	1.6860594807592804E-6	0.9772207641384547	3.2674566797811383E-7	1.2725754437779962E-6	2.5619404020765495E-6	6.772169644270439E-7	8.546017246776646E-7	5.142349328873402E-6	0.008163775382022022	1.2855849348352285E-6	4.047426970057253E-7	6.501657780442424E-7	0.014600598497100754
288	288	3.217259713604161E-6	0.9626325888196331	6.234807764357578E-7	2.4282688449076227E-6	4.8885746548774955E-6	1.2922336856344253E-6	0.012116932773359984	9.812390083423057E-6	0.011704133752817135	2.453092946281602E-6	7.723110532646303E-7	1.2406158790577604E-6	0.01351961642655238
