0	0	4.192385535479921E-7	1.89111594815061E-6	1.1022962997419338E-6	0.785768597958689	8.68539889433551E-7	1.563665306493251E-6	2.9643774382980362E-6	0.21421883288728633	4.660676149662163E-7	1.5165922247353436E-6	1.777260749361933E-6
1	1	5.647217455064038E-7	2.5473666249360265E-6	1.4848126089249462E-6	0.9999771624010342	1.1699385904562475E-6	2.1062848199374623E-6	3.993068831881257E-6	5.90672621961253E-6	6.27801319368875E-7	2.0428765463621453E-6	2.3940016587353217E-6
2	2	2.6880665117572953E-5	8.801412809302252E-7	5.130179765911676E-7	0.9995117695120745	4.0422577556527563E-7	5.4098838927490854E-5	4.016628656992606E-4	2.0408344563140684E-6	2.1691179117685258E-7	7.058347874612074E-7	8.271521130262536E-7
3	3	7.821299655720411E-7	3.5280592371628234E-6	2.0564400856531775E-6	0.990341123368557	1.62034495175035E-6	0.009630164115680663	5.530332084530404E-6	8.180714859220228E-6	8.694940972456181E-7	2.8293491008414455E-6	3.3156513802155933E-6
4	4	1.717757765547171E-7	7.748521880905554E-7	4.5164692340225436E-7	0.9887867860228441	3.558692603854657E-7	0.011206907973155178	1.2146025983429428E-6	1.7966945515090765E-6	1.9096317790978636E-7	6.213975430361691E-7	7.282019813736348E-7
5	5	4.1004568821579E-7	5.065753684519381E-4	1.078125666211322E-6	0.282656008174832	8.494949562525802E-7	1.529377990917005E-6	2.899375967528071E-6	0.7168269725616239	4.558479040550284E-7	1.4833371055010366E-6	1.7382898136242145E-6
6	6	8.236263986707654E-7	0.0954138140731639	2.1655459020674976E-6	0.21877538711827565	1.7063134465618056E-6	0.1305583311431686	5.8237475851008214E-6	0.555234561778738	9.156256933029297E-7	2.979462126609652E-6	3.491565501569042E-6
7	7	0.8690561436504365	1.7460495460812153E-6	1.017739793106607E-6	0.02843760874287895	8.019147007786243E-7	1.4437174522775732E-6	2.736981772913199E-6	0.1024950297041472	4.303158398884735E-7	1.4002553191828695E-6	1.6409281132265212E-6
8	8	7.211144501392376E-7	0.08294646900845459	1.8960131012567458E-6	0.34796417649420136	1.493938616790815E-6	0.018445473691486663	5.098899870569139E-6	0.5506282035599246	8.016631320039021E-7	2.6086259457058185E-6	3.0569908162882456E-6
9	9	5.453872495527539E-7	0.07011787555679913	1.433976770553884E-6	0.45874661006483153	1.1298831593998235E-6	2.0341715081120133E-6	3.856357303085032E-6	0.47104703245588925	6.063071549142216E-7	1.972934156798191E-6	7.690290517762527E-5
10	10	5.284762822006896E-7	2.3838693198207007E-6	1.3895130718327614E-6	1.237910982578399E-5	1.09484857207508E-6	1.9710974116963175E-6	3.736782207583908E-6	0.9927439758287889	5.875072278706657E-7	0.0072297126195346294	2.2403477575601525E-6
11	11	3.641933690858028E-7	1.6428162025180272E-6	9.575669979213236E-7	8.530921567495001E-6	7.545023372522573E-7	1.358359175879494E-6	2.5751606033344356E-6	0.9927083543646686	4.048738683020485E-7	0.007273513331245717	1.5439099638530395E-6
12	12	8.746629631505283E-7	3.945460322940653E-6	7.200488489427567E-4	0.12789945530063082	1.8120463084257306E-6	3.2622956996165234E-6	6.184620026319979E-6	0.8713565723928367	9.723630560331675E-7	3.1640865038578006E-6	3.7079227093318504E-6
13	13	3.6314426182862407E-7	1.638083852764931E-6	9.548085993011733E-7	0.17304512097178507	7.523288932942944E-7	1.3544462422836744E-6	2.567742511994276E-6	0.826943991632193	4.0370757547649833E-7	1.3136715583184102E-6	1.5394625266260118E-6
14	14	9.681228902203735E-7	4.367042634727121E-6	2.5454678978211433E-6	0.16950372342906386	2.005667992397166E-6	3.610880161302434E-6	6.845462157479355E-6	0.83046725136412	1.0762624825904938E-6	3.5021770671395335E-6	4.104123532499824E-6
15	15	3.5783042377557843E-7	1.614114005996404E-6	9.408370216069726E-7	0.18416704703926454	7.413201721831246E-7	1.3346268241086235E-6	2.5301691030081317E-6	0.8158222248784226	3.9780018025547127E-7	1.2944487902629688E-6	1.516935791619846E-6
16	16	3.5067397557698695E-7	1.5818324488592199E-6	9.220207025880226E-7	0.6214811061898139	7.26494100786449E-7	1.307934885423236E-6	2.4795668542437547E-6	3.6678863219954834E-6	3.898443548302579E-7	0.37850598095878657	1.4865977552428015E-6
17	17	1.853062729263082E-7	8.358860249315671E-7	4.872224112906057E-7	0.6200644176088974	3.839004987415476E-7	6.911506291543103E-7	1.3102748542303693E-6	1.93821723647454E-6	2.0600503443716942E-7	0.3799287588668824	7.855612578931787E-7
18	18	6.02309489011068E-7	2.7169187345764578E-6	1.5836413789180602E-6	0.857794770168128	1.24780942154111E-6	2.246478630764744E-6	4.258846532569285E-6	6.653073952340068E-4	6.695876241324118E-7	0.14152404349899325	2.553345833126183E-6
19	19	1.9598532779810143E-7	8.840574796041196E-7	5.153006559327011E-7	0.8675252947518393	4.0602438276678033E-7	7.309810967194773E-7	1.3857849643010709E-6	2.049915172517958E-6	2.7022162558651598E-5	0.1324406842039866	8.308325357928334E-7
20	20	5.201674191912166E-7	2.346389409599576E-6	1.367666729522652E-6	0.34839275649865287	1.0776350336290266E-6	1.9401072255257827E-6	3.678031394151452E-6	5.440708734829657E-6	5.782702625841161E-7	0.6515880894008015	2.2051243364945347E-6
21	21	1.723101284267122E-7	7.772625612265708E-7	4.5305188505541237E-7	0.34185684814535083	3.569762814642608E-7	6.426779395597808E-7	1.2183809260278588E-6	1.802283623008319E-6	1.9155721703244297E-7	0.6581368068868501	7.304672372772434E-7
22	22	2.6020835740023603E-7	1.173756970481793E-6	6.841610989657527E-7	0.3907252506413428	0.4145279753667826	3.6558382213545974E-5	1.8398970643465666E-6	0.18730164827211068	2.8927370229065055E-7	0.007403216949774379	1.1030905825564577E-6
23	23	3.6408455973389966E-7	1.6423253814831999E-6	9.57280907472425E-7	0.34887005091463746	0.45681714134497375	1.3579533415230088E-6	2.5743912275574996E-6	0.17991198413874585	4.0475290491569404E-7	0.014391979364627517	1.543448692844769E-6
24	24	9.589806316909347E-7	4.325803414810867E-6	2.5214303238361186E-6	0.2709922256405112	1.9867279017372484E-6	3.5767815976934954E-6	0.48804089777485693	0.24094490628958112	1.0660990312758179E-6	3.4691050176227893E-6	4.065367132098707E-6
25	25	4.2563263407255044E-7	1.9199585904873368E-6	1.1191081393087494E-6	0.3495755054749571	8.817865575770939E-7	1.587513785595571E-6	0.45167311601632576	0.19874162724342076	4.7317591603910827E-7	1.5397227615760277E-6	1.8043669118281108E-6
26	26	4.0076348393949885E-7	5.6618916161578804E-5	1.053720135420764E-6	0.5734435154397334	8.302649388612846E-7	1.4947574612167035E-6	0.34383310369883313	0.08265938821142718	4.4552887501519327E-7	1.4497588033275064E-6	1.6989401469769099E-6
27	27	8.86755859560764E-7	4.000009383534414E-6	2.3315310447859682E-6	1.4205026479322558E-4	1.8370992593582957E-6	3.3073994774338884E-6	6.2701272130488686E-6	0.9998313639861461	9.85806732289213E-7	3.2078324630857457E-6	3.759187627489124E-6
28	28	6.626852799815723E-7	2.9892639667127904E-6	1.7423863474271665E-6	0.03989419394355502	0.019850075097769423	2.4716667221120224E-6	4.685755343931438E-6	0.9402372359402937	7.367074075139288E-7	2.3972588745981522E-6	2.809294439463683E-6
29	29	0.6901843489135541	2.4466470864261583E-6	1.426105063932945E-6	0.14125410317314285	1.1236807515719061E-6	2.023005078043313E-6	0.011576134609569758	0.1569735294370209	6.02978877815411E-7	1.9621038845206656E-6	2.299345970033372E-6
30	30	8.070801708162066E-7	3.640605496679175E-6	2.122041206269812E-6	0.04726230281139524	0.021746880761855922	1.13391997307332E-4	5.706751511801046E-6	0.9308579096917746	8.972312472587898E-7	2.919606275327476E-6	3.421421758664109E-6
31	31	6.657020199708927E-7	3.0028719830961753E-6	1.7503182069839018E-6	1.5593506641678336E-5	1.3791402387209673E-6	0.9385950090953075	4.707086292351785E-6	6.962932819746548E-6	7.400611181874747E-7	0.06136736720219048	2.822083181168556E-6
32	32	3.9101200890631973E-7	1.763790662149829E-6	1.0280807595686845E-6	0.11985214742111538	0.06289030325131653	1.4583866573689323E-6	2.764791471337802E-6	0.8172466364938133	4.346881575462162E-7	1.414482917820647E-6	1.657601120119333E-6
33	33	5.870757989904088E-7	2.6482020721811573E-6	0.007067281550156863	0.058386382420923685	1.2162496631786343E-6	2.189660400729394E-6	0.0163838164078014	0.9142965743838117	6.526523267582152E-7	0.0038561626307666093	2.4887662778526125E-6
34	34	4.1108310930742055E-7	1.854328084684631E-6	1.0808533386090555E-6	0.11369156535318502	8.516441898872147E-7	1.5332473377494436E-6	2.9067114276187954E-6	0.8721280348807904	0.014168532120858428	1.4870899682757702E-6	1.7426877101704924E-6
35	35	1.7927258620430617E-7	8.086690595796044E-7	4.713581485905782E-7	0.5962214750347067	3.714004613426626E-7	6.686463377011543E-7	0.14198811811647075	0.2617862997047538	1.992973832534266E-7	6.485171939572672E-7	7.599828980448091E-7
36	36	7.293870258381131E-7	3.2901445376699964E-6	1.9177640340014407E-6	1.7085274027346245E-5	1.5110769785231158E-6	2.720449199285757E-6	5.157394101480925E-6	0.9999610470380088	8.108597566773078E-7	2.6385519243098185E-6	3.0920604060511864E-6
37	37	0.8495180913945273	7.311210969993361E-7	4.2615688407353445E-7	3.79661262488297E-6	3.357847187378103E-7	6.045259653915739E-7	1.1460528830757525E-6	1.6952927431348082E-6	1.801856021907053E-7	0.15047230576922066	6.871037336436624E-7
38	38	3.223652224254019E-7	1.4541363338331646E-6	8.475890130756507E-7	9.572885073230713E-5	6.678466287822675E-7	1.2023496170871076E-6	2.279399602356457E-6	0.9998946063460223	3.5837350618724E-7	1.1661536986947884E-6	1.366589622846818E-6
39	39	7.599377695698325E-7	3.42795390231447E-6	1.9980905485474924E-6	0.0836848761345012	1.57436920047718E-6	2.8343965871311054E-6	5.373414156590591E-6	0.8754461780428429	8.448230268631845E-7	0.04084891126454752	3.2215729168608216E-6
40	40	2.1108050392110045E-7	9.521493286594043E-7	5.549901278181388E-7	4.944382232708874E-6	4.3729718077138636E-7	7.872827011382056E-7	1.492520852848189E-6	2.2078036783261274E-6	2.3465825410332312E-7	0.9999872830102448	8.948248947995784E-7
41	41	3.482355462673222E-7	1.5708330965407861E-6	9.156093847774862E-7	0.08826110003702288	7.214423871377773E-7	1.298840093731034E-6	2.462325060116566E-6	0.8829617150646005	3.871335522979019E-7	0.028768004218633455	1.47626062220605E-6
42	42	9.00960619719804E-7	4.064084713079075E-6	2.3688793621807303E-6	0.02318674596256256	1.86652737543577E-6	3.3603800310107816E-6	6.3705670942943625E-6	0.9767862424167179	1.001598168054037E-6	3.259218073090157E-6	3.819405282738409E-6
43	43	0.02184720003672509	1.0519057859659201E-6	6.131363106959638E-7	3.735578622616985E-5	4.831127017520088E-7	8.697661213332591E-7	1.6488919054286338E-6	2.4391147413588596E-6	2.592433432300868E-7	0.9781070904306541	9.885754848888067E-7
44	44	4.386292710535105E-7	1.978584275694516E-6	1.1532799604162313E-6	0.023886262933581752	9.087117951319908E-7	1.635988312034581E-6	3.1014865018593614E-6	0.9726811610846313	4.876242809355022E-7	0.0034210122143697157	1.8594630202000282E-6
45	45	7.390448839754896E-7	3.3337095423528926E-6	1.943157264652982E-6	0.6509519157357332	1.5310852410452832E-6	2.7564708332138506E-6	5.225683471631718E-6	0.34467962454322126	8.215964002175444E-7	0.004348975970841735	3.1330025666545054E-6
46	46	2.3341124174830377E-7	1.0528796028233715E-6	6.137039304231649E-7	5.46746087476752E-6	4.835599502597095E-7	0.002171628315720355	1.650418390742285E-6	0.12300140591948373	2.5948334147060196E-7	0.874816215356791	9.894906728123752E-7
47	47	3.87140493613331E-7	1.746326895394318E-6	1.0179014548608047E-6	0.7563707548454492	8.020420800342286E-7	1.4439467779829074E-6	2.7374165257622208E-6	0.24356469036417766	5.3378349639688664E-5	1.4004777411936396E-6	1.6411887646416403E-6
48	48	4.704649928053517E-7	2.122189964189241E-6	1.2369850442871763E-6	0.9189718903425581	9.746661164041544E-7	1.7547283782552035E-6	3.3265924576318393E-6	0.08094966069772438	6.486700640589598E-5	1.701903472522805E-6	1.9944228854565E-6
49	49	0.0022360382085895073	1.4458493734315712E-6	8.427586980462007E-7	0.030781504407484797	6.640406455066365E-7	1.195497561035797E-6	0.0062710434352477445	3.3525745057891247E-6	3.563311756397835E-7	0.9607021980951372	1.3588015813638662E-6
50	50	0.8630740637151129	1.7917698987537503E-6	1.044389335998526E-6	0.13691026996086023	8.229128580274701E-7	1.481521231228617E-6	2.80864971165912E-6	4.154680420509574E-6	4.4158367132225807E-7	1.4369210410510254E-6	1.6838958584519504E-6
51	51	8.324407861818913E-7	3.7550030485433302E-6	0.0051254504363847	0.8591335636921461	1.7245742841912375E-6	3.1048164965906065E-6	5.886072891896364E-6	0.13571821725923428	9.2542465031662E-7	3.011348105253665E-6	3.528931971853357E-6
52	52	3.027692558846995E-7	1.3657421617539839E-6	7.960656948481674E-7	0.8670241585704307	6.272495070038267E-7	1.12926107890859E-6	2.1408392514457635E-6	0.13184872703152625	3.365886648092453E-7	0.0011191323651801657	1.2835172482193893E-6
53	53	2.868412003970804E-7	1.2938933312951792E-6	7.541863484056727E-7	0.7788076735532194	5.942512261085452E-7	1.0698530221945543E-6	2.0282141888796794E-6	0.21882990554604162	3.1888144115498193E-7	0.0023548587858825062	1.2159940979932645E-6
54	54	1.0382322250357403E-6	4.683294277286023E-6	2.729805096035191E-6	0.0561126197708021	2.150914066245734E-6	3.872372177206832E-6	7.341195502091624E-6	0.940732347760854	1.154203049334018E-6	0.003127661116799972	4.401335150746096E-6
55	55	2.9419300547716496E-7	1.327056111094368E-6	7.735163157181219E-7	0.18336159209223804	6.094820199307138E-7	1.0972735980135983E-6	2.4349520879931883E-4	0.8133302492493183	3.2705444487893277E-7	0.003058987713846437	1.24716030275954E-6
56	56	4.065346847969578E-7	0.014791552676363121	1.06889424881374E-6	0.11665926024895554	8.422211821795948E-7	1.516282739560599E-6	2.8745501512177833E-6	0.8675936250084497	4.5194472059133004E-7	9.466782327432298E-4	1.7234057613004065E-6
57	57	7.12124633081242E-7	3.212276731931512E-6	1.8723763388585306E-6	0.350930885374584	1.4753143403555959E-6	2.6560643653229865E-6	5.0353341258741015E-6	0.6490477644797239	7.916691499148409E-7	2.576105352032917E-6	3.018880654744406E-6
58	58	3.2517519669492785E-7	1.4668116641672226E-6	8.549772272879533E-7	0.4720013726967987	6.736680751180368E-7	1.2128301877316999E-6	2.2992685391617342E-6	0.5279888782543658	3.6149735535337943E-7	1.176318758880222E-6	1.3785018311436957E-6
59	59	9.288556179239883E-8	4.189914447799613E-7	2.4422231733392155E-7	0.9984591007086145	1.924317667981558E-7	3.4644220866553167E-7	6.567808742558904E-7	9.715396788388424E-7	1.0326090452085468E-7	0.0015374789706884022	3.9376594008109335E-7
60	60	1.5157124657964047E-7	6.837128867610546E-7	3.9852352041111587E-7	0.9981696379619702	3.140113728364831E-7	5.653265849067157E-7	1.071739180122802E-6	1.5853645860732416E-6	1.6850179639488367E-7	0.0018247807371068417	6.425497488198371E-7
61	61	5.201674191912166E-7	2.346389409599576E-6	1.367666729522652E-6	0.9985561315573777	1.0776350336290266E-6	1.9401072255257827E-6	3.678031394151452E-6	2.900072368270607E-4	5.782702625841161E-7	0.0011401478139844597	2.2051243364945347E-6
62	62	1.4336004858740514E-7	6.466735273196981E-7	3.769339669535681E-7	0.9999942024557698	2.9700016779358464E-7	5.347006672363468E-7	1.013678942428575E-6	1.4994792826276068E-6	1.593734053347843E-7	5.186038669042656E-7	6.077403550431058E-7
63	63	9.64546930972765E-7	4.3509120725308295E-6	2.5360656932449947E-6	0.9642112167369195	1.998259648810318E-6	0.015174166929658301	1.3873817171727813E-4	1.4200670595552385E-4	1.0722870877141288E-6	0.020318860420200646	4.0889641156038656E-6
64	64	0.8311635069828575	1.6246889924350113E-6	9.470009844419841E-7	0.16877302761290047	7.461769857281276E-7	1.3433707297516686E-6	5.1806696311494586E-5	3.7672602665008027E-6	4.0040639734785084E-7	1.3029294665669033E-6	1.5268741078509322E-6
65	65	4.6680062339917387E-7	2.1056605983537472E-6	1.227350384489947E-6	0.6764895216329999	9.670746127794262E-7	1.741061106335376E-6	3.3006822117793677E-6	0.32317726912738093	5.189423810648912E-7	3.209027790258645E-4	1.978888675013192E-6
66	66	4.7723653307151507E-4	8.740998897854678E-7	5.094965621000718E-7	0.7268321814199663	4.0145112327490505E-7	7.227476841934272E-7	1.370176162192927E-6	0.272684966188355	2.1542288365393274E-7	7.009898561677643E-7	8.214744456343517E-7
67	67	0.0021934414495188067	1.4183057933728753E-6	8.267040577106689E-7	0.28919911526607467	6.513906025506883E-7	1.172723208888579E-6	2.2232342224143236E-6	0.7037820520856658	3.495430299006809E-7	0.004817416381555259	1.3329162707444404E-6
68	68	0.004069846750962314	3.441187219818439E-6	2.005804003099129E-6	0.21453162490769864	1.580446915665916E-6	2.8453385283119204E-6	5.394157753978664E-6	0.7813764196314621	8.480843925838833E-7	2.7596815449306563E-6	3.2340095185438903E-6
69	69	0.0039592141779991995	1.079129709148222E-6	6.290046289858373E-7	0.3465958650793824	4.95615934699638E-7	8.922761658540262E-7	1.6915661707176003E-6	0.6494379876221181	2.6595270917880463E-7	8.654147980591014E-7	1.014160383669268E-6
70	70	3.615818850316359E-7	1.631036228798099E-6	0.00464947596279723	8.469749762811172E-6	1.4910628132150806E-4	0.03803024145483875	2.556695163204628E-6	0.9571549144084426	4.0197068076276473E-7	1.3080196723399707E-6	1.5328392069587211E-6
71	71	3.871609930002107E-7	1.746419364746498E-6	0.017262968676166137	0.17532906535004808	8.020845487792027E-7	0.007891108616490918	0.0011147037122012653	0.7983957457456407	4.3040698210715497E-7	1.4005518975671185E-6	1.6412756668489372E-6
72	72	9.018496378303281E-7	4.068094927103474E-6	2.371216841320807E-6	0.7704220444829692	1.8683691614186774E-6	0.05304089096929239	0.16405268214078547	9.432926825128E-6	0.010238478781127429	0.002223437994372103	3.823174060633321E-6
73	73	0.8803951598738482	4.172422783348472E-7	2.432027607583622E-7	0.11960119197203622	1.916284205875091E-7	3.4499591401174176E-7	6.540390066560773E-7	9.674837855085757E-7	1.0282982051775561E-7	3.346100463973739E-7	3.9212208272266837E-7
74	74	1.1823322603566323E-7	5.333305762675831E-7	3.1086846966411934E-7	0.40890316019174433	2.4494472705175855E-7	0.49445831048799255	8.360106787678585E-7	0.09663542556364466	1.3143990981233798E-7	4.2770778067417565E-7	5.012212501099734E-7
75	75	4.325060147001284E-7	1.9509632765127936E-6	1.1371801939143612E-6	0.41969685236303333	8.960261956060612E-7	0.47647469840356504	3.058189808773134E-6	0.10381709545874271	4.808170551679873E-7	1.5645871628320964E-6	1.8335049514989316E-6
76	76	5.508105269739004E-7	0.0858063066029429	1.4482360951871072E-6	0.33170230368509546	1.1411186069317042E-6	0.18961418779912112	0.08076043304574698	0.31210868878442716	6.12336213910783E-7	1.9925528209212463E-6	2.335028402424856E-6
77	77	5.338395779645809E-7	2.4080622621632097E-6	0.2231976489652112	0.0468128950805917	1.105959755124318E-6	1.991101295984834E-6	3.77470532515706E-6	0.7299748545716747	5.934696052424049E-7	1.9311605441468546E-6	2.2630841566048363E-6
78	78	5.200564262025043E-7	2.3458887385393633E-6	0.10413049290885938	1.2181881822126408E-5	1.0774050885599763E-6	1.9396932466962006E-6	3.6772465781826825E-6	0.8958431008184609	5.781468716481219E-7	1.881300099257404E-6	2.2046538084845905E-6
79	79	5.629391185314587E-7	2.539325488753793E-6	0.6648990409165161	0.21258638754720338	1.1662455077885944E-6	2.0996360231329923E-6	3.98046412475042E-6	0.1224991742338964	6.258195724718976E-7	2.036427907068537E-6	2.3864446415514025E-6
80	80	1.0016780926171925E-6	0.09343599823099216	2.6336939808616456E-6	0.4116973591778326	2.075184575576383E-6	3.736033502750213E-6	0.0398730074029714	0.4470294194223844	1.1135658102984113E-6	0.0079494092371361	4.24637272130191E-6
81	81	6.446319100894989E-7	0.07961521820111168	1.6949189504964909E-6	0.534202241207985	1.335489122305588E-6	2.404331721724723E-6	0.0194888555470139	0.3666818243222335	7.166374712533117E-7	2.331950948652703E-6	2.7327615313345134E-6
82	82	7.304070999667942E-7	0.04116021596184308	1.920446096345163E-6	0.1412692611084734	1.5131902743148335E-6	2.7242538458564774E-6	0.009095649632749865	0.6741020677882403	8.119937733659442E-7	0.1343620088328391	3.0963847643312203E-6
83	83	3.8154453767510115E-7	0.025988668072920034	1.003188109744935E-6	0.14658992950777253	7.904488930271353E-7	1.4230751236867498E-6	0.011848153604083849	0.6794217614401232	4.2416316718177397E-7	0.13614584748921027	1.6174660588933098E-6
84	84	5.777059399473981E-7	0.06581876163305359	1.5189517150885197E-6	1.3532272910784719E-5	8.020782928343756E-5	2.1547129385070043E-6	4.084878262883295E-6	0.8719713417793235	6.422358518901765E-7	0.062025717964467646	8.146003625269628E-5
85	85	2.9963020351491465E-7	0.03282590171166121	7.878122415752592E-7	7.018584033681534E-6	4.160020963930918E-5	1.1175531211257041E-6	2.118643449213656E-6	0.8904458927418273	3.3309897942879E-7	0.07667365980485095	1.2702099926728846E-6
86	86	7.846479654821473E-7	3.5394175193321145E-6	2.0630606169954666E-6	0.21486058590940252	1.6255615124531024E-6	2.926560048095615E-6	0.7609676281195327	0.024153809646264332	8.72293358436309E-7	2.8384579460400394E-6	3.32632583362465E-6
87	87	5.47674936273141E-7	2.4704712809050914E-6	1.4399917436175738E-6	0.27251266054690954	1.1346225784116682E-6	2.042704063924262E-6	0.686571617885062	0.03925529187254105	6.088503768687327E-7	0.0016498636446855028	2.3217358217894114E-6
88	88	9.330373214006214E-7	4.208777422276011E-6	2.4532180501936954E-6	0.1650196800924417	1.9329809367685086E-6	3.480018898048534E-6	0.8349491848396084	9.759135457502226E-6	1.037257846110459E-6	3.375255293313783E-6	3.955386724292025E-6
89	89	5.153644524525438E-7	2.324724019045505E-6	1.355038376478741E-6	0.16910497677697583	1.0676846887362295E-6	1.9221932422006687E-6	0.8308778257252627	5.390471941589465E-6	5.729308031433968E-7	1.86432692050838E-6	2.1847633172302202E-6
90	90	7.249035931572652E-7	3.2699205125333378E-6	1.9059758260410415E-6	0.7432901233532144	1.5017886149125858E-6	2.703727005971927E-6	0.25668568691491483	7.5821536791605596E-6	8.05875523336313E-7	2.6223331412652866E-6	3.0730539743701237E-6
91	91	0.8360094712378378	2.1553351689966033E-6	1.256304767463893E-6	0.1639716836084581	9.898888384941412E-7	1.7821344222286417E-6	3.378548498410195E-6	4.9977002250647615E-6	5.311847338865824E-7	1.7284844761610352E-6	2.0255725733385655E-6
92	92	9.148259452547861E-7	4.126628909035288E-6	2.4053352102953258E-6	0.34547171538462296	0.29352828851646434	3.4120945699500173E-6	0.1866822481252778	0.1742986845169784	1.0170122542541977E-6	3.309375780967496E-6	3.878183986752874E-6
93	93	3.7688259708846994E-5	1.2340093904332151E-6	7.192811134883421E-7	0.26108614337657343	0.3071003758073897	1.0203381096723905E-6	0.19598010196778673	0.23567801941767982	3.041229777621859E-7	1.1323370378256973E-4	1.1597154876229375E-6
94	94	1.0029146530300215E-6	4.523982536739417E-6	2.6369452466527644E-6	0.32853468563324034	0.3824192830316207	3.74064559436383E-6	0.020719070665733544	0.2683060615900589	1.1149404948485115E-6	3.628035999996261E-6	4.251614820978422E-6
95	95	5.250230487410474E-7	2.3682923534063534E-6	1.3804335479376079E-6	0.38252137359270905	0.3389958961853764	1.958217629266083E-6	0.02104278859614606	0.2573571952945711	5.836682672864438E-7	1.8992668178747735E-6	7.403142953288837E-5
96	96	7.275001420995166E-7	3.2816331164274432E-6	1.9128028849241528E-6	0.5739207236662115	0.2451642453620513	2.713411548252807E-6	5.144052209290787E-6	0.18089472702217416	8.087621075075839E-7	2.6317261369801057E-6	3.084061417459044E-6
97	97	3.8920123496741993E-7	1.7556225596569439E-6	0.007825804866695407	0.5528006566096136	0.23351996717229312	1.4516328787333622E-6	0.0014399567616743569	0.20440652760069272	4.3267511966169013E-7	1.4079324571026432E-6	1.6499247806693027E-6
98	98	6.628054245248855E-7	2.989805918925964E-6	1.7427022412885674E-6	0.8733354599032886	1.3731393385959245E-6	2.4721148341774647E-6	0.05974288845962707	0.06690646673109459	7.368409722356828E-7	2.3976934965542946E-6	2.8098037632824812E-6
99	99	2.585521202300452E-7	1.1662859578567359E-6	6.798063847135784E-7	0.8419950526151639	5.356445107849724E-7	9.643411296564184E-7	0.09123409941892746	0.06637594972385276	2.8743246297428394E-7	3.899101101252165E-4	1.0960693644711856E-6
100	100	4.3161243186381073E-7	1.9469324717634385E-6	1.1348307128238223E-6	0.3213707912347806	8.941749528439467E-7	1.6098170834838657E-6	0.3696504774619379	0.30896884304051353	4.798236588837651E-7	1.561354633833398E-6	1.8297168225497912E-6
101	101	6.364396718037289E-7	8.991468999505453E-5	0.03551555015905103	0.1830680523450261	1.318517196239343E-6	2.3737765194858667E-6	0.7813097893319816	6.656862298216652E-6	7.075301577040899E-7	2.3023155900192183E-6	2.698032512661252E-6
102	102	5.195021710100834E-7	2.3433885848086013E-6	1.365917604585865E-6	0.14047930031091183	1.0762568336118824E-6	1.9376259997600645E-6	6.431291609556552E-4	0.4323486278033139	5.77530705998689E-7	0.42651892019874155	2.202304177253676E-6
103	103	3.487670903080989E-7	1.5732308040134176E-6	9.170069638511174E-7	0.1374788720499534	7.22543591210013E-7	1.3008226331907323E-6	2.4660835340178933E-6	0.4409879103942936	3.8772446995382294E-7	0.4215240228626915	1.4785139749863103E-6
104	104	3.542417986797545E-7	1.5979263102484529E-6	9.314015149465985E-7	0.4086715328284078	7.338855886564726E-7	1.3212420613933106E-6	2.504794434627704E-6	0.27819508581465735	3.9381070475217147E-7	0.31312404233184066	1.5017226809147188E-6
105	105	0.8759278343874352	2.114299501121497E-6	1.2323858401763283E-6	0.049243430736667995	9.710422339409243E-7	1.748204165203506E-6	3.3142239348457994E-6	0.013338691487246151	5.210714481973575E-7	0.06147815515405703	1.987007470067346E-6
106	106	3.9517520324801536E-7	1.782570144972202E-6	1.0390269706914941E-6	0.2926188860394414	8.186876527247196E-7	1.4739144338608747E-6	2.7942288388540503E-6	0.1600908940183239	4.393163818377419E-7	0.5472798017726299	1.6752499785862926E-6
107	107	9.597358864975106E-7	4.329210244639722E-6	2.5234161015552844E-6	0.32620358976036207	1.9882925692055577E-6	3.5795985278842197E-6	6.786158821942656E-6	0.15476558254575104	1.0669386482514363E-6	0.5190055257742342	4.06856885272324E-6
108	108	6.577374059459402E-7	2.9669449232492627E-6	0.14807035639211746	0.3512061237509527	1.3626398836699584E-6	2.4532122672320013E-6	4.6507696155564126E-6	0.5007055296668803	7.312068545914354E-7	2.3793599785450474E-6	2.788319120657968E-6
109	109	4.582002995742904E-7	2.0668659564801557E-6	0.2020382829354734	0.568396681854422	9.49257252613618E-7	1.7089838370199286E-6	3.2398705195034967E-6	0.22955250268512487	5.093813987099091E-7	1.6575360396243361E-6	1.942429676105741E-6
110	110	4.078044348904572E-7	1.839538525312671E-6	0.06737619290462826	0.4318126851240982	8.448517336794104E-7	1.5210186212020144E-6	2.88352837733175E-6	0.4359346819767203	0.06486573923491135	1.4752293889322817E-6	1.728788560624507E-6
111	111	8.369191087269744E-7	3.775204022700636E-6	2.200496182723936E-6	0.05450387129657637	1.7338520610923282E-6	5.754352504546012E-4	0.164145495738911	0.780072368897348	9.304032027182835E-7	6.898040253916431E-4	3.5479167403461427E-6
112	112	4.831487828168659E-7	2.179404448331435E-6	1.270334302550933E-6	0.06093588952308189	1.0009432263716608E-6	1.8020360560152834E-6	0.16493588063815065	0.7718044059666781	5.371166343734409E-7	0.0023145026958843406	2.048192754543773E-6
113	113	7.64226954965413E-7	0.19953379405038685	2.0093680256555566E-6	2.2694311609379372E-4	1.5832551404216584E-6	2.8503942818550922E-6	0.026449184636792265	0.7737760170200262	8.495913154438702E-7	2.7645850984480954E-6	3.239755884018275E-6
114	114	4.324037037246901E-7	0.1970513316512067	1.1369111895284475E-6	1.0128690951263878E-5	8.958142371338669E-7	1.6127683491687375E-6	0.018335983083526717	0.7845946006852373	4.807033160285312E-7	1.564217053669803E-6	1.8330712287906156E-6
115	115	3.833850933879919E-7	0.07241356864967799	1.0080274493872898E-6	0.4737533452355268	7.942619871279559E-7	1.4299399816263613E-6	2.7108626136623878E-6	0.4538233212670956	4.2620931347261416E-7	1.3868926099257286E-6	1.625268650992369E-6
116	116	0.8732399234930572	2.0085875323530126E-6	1.1707683004766126E-6	0.12674251443988263	9.224915029528154E-7	1.6607964426860008E-6	3.148517450543862E-6	4.6574279986236075E-6	4.95018616690388E-7	1.6107992940601689E-6	1.8876599218571293E-6
117	117	3.405317463925166E-7	1.5360825262954905E-6	8.953539239567091E-7	0.7823485606361864	7.054823628631588E-7	1.2701066566688777E-6	0.015092201233065627	0.2025514365311169	3.7856923586411597E-7	1.2318709586314763E-6	1.4436022203902825E-6
118	118	8.581356134487745E-7	3.870908175154773E-6	2.256280352501204E-6	0.9191011839716862	1.777806464878165E-6	0.015730038234418285	0.0651433428172459	8.975698506874091E-6	9.539895968366787E-7	3.1042989441473774E-6	3.6378589958033107E-6
119	119	4.030388588547241E-7	1.81804179805076E-6	1.0597027372791862E-6	0.9014800901704211	8.349788514071721E-7	0.04509157241058601	0.05341639142374084	4.215598591807577E-6	4.4805840993252896E-7	1.4579899544837736E-6	1.708586050228624E-6
120	120	5.7331203855953E-7	2.5861160196531195E-6	1.5073989101275045E-6	1.3429349487963202E-5	1.1877351697913823E-6	2.1383246767352357E-6	4.053809597966694E-6	0.881178154343884	0.00909620331493371	2.0739518650376686E-6	0.10969809234341646
121	121	2.2245382330655322E-7	1.0034524960117791E-6	5.848937895121071E-7	3.56350895957017E-5	3.088515635626772E-5	8.297026188490031E-7	1.5369442490104746E-4	0.8895174975115413	2.4730197638355517E-7	8.047249851766033E-7	0.11025859528791633
122	122	8.123707552148512E-7	3.664470450049138E-6	0.0017798214952294594	0.20256407572000387	1.6829950393209407E-6	3.029959804958086E-6	1.1684950697155381E-4	0.7865232447097117	9.031127913858413E-7	0.009002471809327115	3.443849915410006E-6
123	123	3.0130946353020636E-7	1.3591572792826388E-6	0.002926640482101458	0.31921298158442246	6.242252434206297E-7	1.1238163824700415E-6	0.00457634398574101	0.6671789718687848	3.3496581324836985E-7	0.0061000412759578135	1.2773288105580562E-6
124	124	6.061040466881682E-7	2.7340353582233335E-6	1.5936183403669219E-6	1.4197474536720374E-5	1.2556706372557104E-6	2.2606314755900948E-6	4.285677321558326E-6	0.9999676309736024	6.738060349427988E-7	2.192576700803537E-6	2.569431945349467E-6
125	125	1.7473973054045135E-7	7.882220955205144E-7	4.594399936803346E-7	4.0931303601373335E-6	3.620097077400075E-7	6.517398078008697E-7	1.2355603042817366E-6	0.9999906680132207	1.942582063686674E-7	6.321196236539844E-7	7.407669495455262E-7
126	126	5.799052465883908E-7	2.6158568933092585E-6	1.5247343120177559E-6	0.037369433751650936	1.2013943719900744E-6	0.6422689845528033	0.039818615675209376	0.09549745270216962	6.446808216861842E-7	0.1713948616404129	0.013644085106108152
127	127	9.416893882441611E-7	4.247805468370082E-6	2.4759667720992585E-6	0.11181337692043879	1.9509054933629906E-6	0.5120798751062924	0.14966277867363786	0.2264259074370043	1.046876351193473E-6	3.4065540781983194E-6	3.9920650752493605E-6
128	128	6.273745651897904E-7	2.829983157926935E-6	1.6495445275925596E-6	0.13318251929632266	1.299736941824425E-6	0.4784454999336822	0.16903833585167094	0.2193216117008393	6.974524761950368E-7	2.269522636960043E-6	2.659603179200894E-6
129	129	7.92815650442629E-7	3.5762605986661067E-6	2.084535762430454E-6	0.11137706160832875	1.6424825711975073E-6	0.7917650779193712	0.017896697363710166	0.07894595668538341	8.813733760470735E-7	2.8680044832092084E-6	3.360950764396329E-6
130	130	5.955879786396748E-7	2.6865991102207594E-6	1.5659686340133728E-6	0.13702405392937536	1.2338844143455873E-6	0.7945304869043296	4.211319668621256E-6	0.0684298243046531	6.621153192089876E-7	2.154534905977749E-6	2.5248516107832973E-6
131	131	7.589911474167831E-7	0.10017504455768	1.9956016121466548E-6	0.06987840136603868	1.572408075735224E-6	0.0968526985086845	0.3825260122337578	7.93869360720354E-6	8.437706667560041E-7	2.7456446051388282E-6	0.35055198822412453
132	132	6.832442850020877E-7	0.36957858177703634	0.05158350968466888	1.600441935948259E-5	1.4154826905342973E-6	0.35528094282094436	0.1209228328214329	0.014210806585070646	7.595628590340696E-7	2.4716309162401653E-6	0.0884019919707365
133	133	8.156986569817938E-8	3.6794820658752176E-7	0.9302250727582008	0.06378104451933604	1.6898894802263503E-7	3.042372128424873E-7	5.76769162745915E-7	8.531827723716463E-7	9.068124206929137E-8	0.00599109354927768	3.4579577524351674E-7
134	134	7.264881658040952E-7	0.02524057984981229	0.5581039956696285	0.37470154016296703	1.5050713868328445E-6	2.7096371047748575E-6	0.01699560451731829	0.024946823129814697	8.076370931824036E-7	2.6280653205588485E-6	3.079771387990341E-6
135	135	1.892047352869281E-7	0.05100427401403693	0.5371278441010031	0.40645330383506245	3.9197697462621604E-7	7.056910150286101E-7	1.3378403387691207E-6	0.005410256463362189	2.1033895611272371E-7	6.844466664405091E-7	8.020878489658708E-7
136	136	0.6260484807781935	0.23603498112273763	2.3127384792629184E-6	0.06907351013124628	1.8222919042166848E-6	3.280741234332398E-6	7.280269691319068E-4	0.05318234397553388	9.77860950202786E-7	0.014920534502699232	3.7288878894860593E-6
137	137	4.6916690575862866E-7	0.6035517933461625	1.2335720076371917E-6	0.20194282415166562	9.71976859010018E-7	1.7498868061655394E-6	0.0413906809767521	0.1002329101899746	5.215729778129107E-7	0.052874856239930317	1.988919958452598E-6
138	138	0.7454679272726638	0.13709832078245673	1.7136532348344714E-6	0.02969846699715575	1.350250555553015E-6	2.430907289898306E-6	4.608484114116184E-6	0.024074276646693392	7.245586111696352E-7	0.06364741747992368	2.7629673010799747E-6
139	139	4.2236259690799187E-7	0.45074360249508144	1.110510290098541E-6	0.16464065566365627	8.750119952346918E-7	1.5753172840527365E-6	2.986467113911775E-6	0.20541739676918291	4.69540614826377E-7	0.17918911535780657	1.790504377830842E-6
140	140	0.8015516644459312	0.11999771194390835	2.0041002270638673E-4	0.047855972600346394	1.5034282088718448E-6	2.7066788291662552E-6	3.02884237419273E-4	7.590431577426054E-6	8.067553466528945E-7	0.030075673046712	3.0764090142757547E-6
141	141	6.154401309447071E-7	0.4790243515840711	1.6181655368090634E-6	0.3703702291875679	1.2750122782362277E-6	2.2954529654719327E-6	0.024582510192101007	0.003962510674182319	6.841849623714534E-7	0.1220513010961806	2.60901002318E-6
142	142	0.5265348232629761	4.504827433068456E-6	2.6257800931261804E-6	0.0147745351250757	2.068948931693373E-6	3.7248072365508923E-6	0.45865831513742633	1.0445603727890367E-5	1.110219698383818E-6	3.6126744451853106E-6	4.233612956027916E-6
143	143	3.9862228769190044E-7	1.7981193741909472E-6	1.0480903270914143E-6	0.013475355921664493	8.25829005342275E-7	1.4867712818483503E-6	0.9701558541228226	5.868769696720987E-5	4.4314850655946015E-7	0.016302411814701285	1.6898630618297252E-6
144	144	5.702269434070482E-7	2.5721996644061E-6	1.4992873255841637E-6	0.20956741625342212	1.181343753305585E-6	0.026284120841108833	0.7641315614871346	5.9643080234701674E-6	6.33921449384963E-7	2.0627915571861462E-6	2.4173396176693993E-6
145	145	6.565561742172082E-7	0.12814054826306304	1.7262712011754463E-6	0.1288713266013939	1.360192716379675E-6	2.4488065391387337E-6	0.6879247904892546	0.0012639984649847004	7.29893678954621E-7	0.009430859037744222	0.044361555423249655
146	146	2.711209410727934E-7	1.2229818350464941E-6	7.128533566340523E-7	0.44867849881090854	0.5245761714530204	1.0112199983315648E-6	0.026736844226294892	2.8357986637908433E-6	3.014052245524882E-7	9.807779072657689E-7	1.1493518494920231E-6
147	147	0.6193010060231305	0.18330351588383753	2.269063106029029E-6	0.017724621586263846	0.17940644147085502	2.3927754014592935E-4	6.102133772164229E-6	9.026549519970158E-6	9.593943391467173E-7	3.121886070780703E-6	3.6584689589494177E-6
148	148	5.344639304280252E-7	0.294582998795338	1.4052562863565487E-6	0.11331274548723728	0.5234481519360269	1.9934299899416496E-6	0.0046088850849857746	0.06403849223242461	5.941636980472606E-7	1.9334191343541256E-6	2.2657309483124597E-6
149	149	0.5336636936556022	4.048122609586071E-6	2.3595753490483555E-6	0.04617033399705338	1.859196400507184E-6	3.347181798784421E-6	0.42013692316969126	9.38661585818996E-6	9.97664290011232E-7	3.2464171646785996E-6	3.804404182439344E-6
150	150	3.129818925332223E-7	1.4118096807720745E-6	8.229175945434727E-7	0.09901652472180665	6.48407108637708E-7	1.167351911633707E-6	0.9009730312024126	3.2736447030778833E-6	3.4794205577248533E-7	1.1322095753879676E-6	1.3268112585371617E-6
151	151	0.8230359155382538	3.82112859429764E-6	2.227264761027195E-6	0.02527626784421586	1.7549440107298702E-6	3.159492267195821E-6	0.15166039634050887	8.860271715704002E-6	9.417213641316504E-7	3.064377898929425E-6	3.591076409434881E-6
152	152	5.647217455064038E-7	2.5473666249360265E-6	1.4848126089249462E-6	0.29188499051529065	1.1699385904562475E-6	2.1062848199374623E-6	0.7080961649545754	5.90672621961253E-6	6.27801319368875E-7	2.0428765463621453E-6	2.3940016587353217E-6
153	153	4.7446428200393214E-7	2.1402300979524547E-6	1.2475003025998602E-6	0.2553570427829641	9.82951476061446E-7	1.769644825508277E-6	0.7446271245409776	4.96267522382929E-6	5.274620724377557E-7	1.7163708702649854E-6	2.011376907594568E-6
154	154	8.837548003689796E-7	3.986472100641661E-6	2.3236404144648427E-6	0.22398968652007822	0.6308135601538529	3.2962062031006665E-6	0.10262344725009086	0.04255489009048992	9.82470453962589E-7	3.1969761546720454E-6	3.7464653607440174E-6
155	155	8.649369751119035E-7	3.9015879955134475E-6	2.2741630489541567E-6	0.3020265274471995	0.6240061235007974	3.226019956513557E-6	0.07394027836122917	9.046837579495859E-6	9.615506724630268E-7	3.1289028173566044E-6	3.6666917284415566E-6
156	156	6.716952215669232E-7	3.0299063267242054E-6	1.7660760228789409E-6	0.14452032940537826	0.6682317969995011	2.505271773344342E-6	0.11134586183581352	0.07588801474401778	7.467237620455707E-7	2.4298522685931025E-6	2.847489914088263E-6
157	157	0.4867474069034348	3.3564398420883803E-6	1.9564063334448537E-6	0.1550070108608412	1.5415246707578604E-6	1.0454124125326698E-4	0.3581197305720288	7.782771049029296E-6	8.271983077026703E-7	2.6917178570045895E-6	3.1543643819258647E-6
158	158	5.124028922751318E-7	2.3113649096899516E-6	1.3472516001973207E-6	0.22286545669288446	1.061549200653677E-6	1.9111472902878015E-6	0.7497863606433869	0.02733644348740317	5.696384358818842E-7	1.8536134994736546E-6	2.1722084970314494E-6
159	159	4.91330334648991E-7	2.2163100788356236E-6	1.2918459078991897E-6	0.015265381523091998	1.0178930132257828E-6	1.8325514001908184E-6	3.474128384564618E-6	0.2782035190697222	0.6014197493163852	0.10509894315521066	2.08287647057382E-6
160	160	3.7579875917535336E-7	1.6951662025290488E-6	9.88080838894465E-7	0.03341671805613881	7.78545317412138E-7	1.401644665006804E-6	2.6572207007490523E-6	0.28093879985661513	0.582223286058502	0.10341170646404382	1.5931082165247873E-6
161	161	7.736883449804337E-7	0.003389566048047507	2.03424468624822E-6	0.2640262413881514	1.6028563783516837E-6	2.8856831339715903E-6	0.1629603813942763	0.12730338958458165	0.42749296364002	0.014816881607214154	3.279865165394699E-6
162	162	5.363851273665617E-7	2.419544815545171E-6	1.4103076545060237E-6	0.2817137203269016	1.1112333903313695E-6	7.536027165248348E-5	0.13051065636371278	0.15552812352413845	0.40479928863859227	0.027365099528615197	2.2738753994411997E-6
163	163	8.537269366252345E-7	0.20924045715300868	0.6101978382400319	0.03668310850386866	1.768672973579571E-6	3.18420903975098E-6	6.036584297845198E-6	0.14385909630130989	9.490884696027566E-7	3.0883505898384357E-6	3.6191694735521034E-6
164	164	6.42084509859371E-7	2.896337291452187E-6	0.638071596624427	0.1723975382489711	1.330211652722951E-6	2.394830493061725E-6	4.540090166802571E-6	0.12075349873629296	0.06770672803329227	0.0010561128404603436	2.7219624423585426E-6
165	165	9.532295986327334E-7	0.1813491915461302	2.506309237270727E-6	0.03548301194576371	0.055018182067885626	3.555331540694919E-6	0.3849898207755135	0.24067328453562095	1.0597056062476474E-6	3.4483007000178115E-6	0.10247498625240314
166	166	8.876170523171157E-7	0.7909024720489041	2.3337953632286716E-6	2.07916785368611E-5	1.838883399330759E-6	3.3106115322983902E-6	0.1460463156932181	0.06301408912160544	9.867641205126534E-7	3.2109478212206984E-6	3.7628384465050414E-6
167	167	5.411890028065712E-7	2.4412143051010524E-6	0.014656726903004784	0.5324147042552854	1.1211856177880479E-6	0.38340845556688025	0.069505495473938	5.660584700482875E-6	6.016399628550136E-7	1.957747031666455E-6	2.2942402709257E-6
168	168	6.0928596911412E-7	2.748388485326198E-6	0.0942479345469465	0.6586553087665469	1.2622626515841492E-6	0.13758025221690712	0.09408398055732144	0.015422439623574312	6.773433789764531E-7	2.204087280567898E-6	2.5829209381610767E-6
169	169	4.5891927219279596E-7	2.0701091233445404E-6	0.03828780728687425	0.7308454679446778	9.507467539805553E-7	0.1397164216104446	0.08938048977084374	0.001762217816824583	5.101806807670985E-7	1.6601369175106736E-6	1.945477587143316E-6
170	170	4.970755338319697E-7	0.7958842433870257	1.3069516555626205E-6	1.1643573859913384E-5	0.019988157867603797	1.8539796981497957E-6	0.02366174798022432	0.1604460911866355	5.525990072967001E-7	1.7981668988595002E-6	2.107231857068601E-6
171	171	1.4480232353488302E-7	6.53179391658058E-7	0.04366853157033353	0.10654971910181428	2.999881404235203E-7	5.400800276952301E-7	1.0238770677630486E-6	0.21154944532124645	1.6097678278947627E-7	5.238212853710649E-7	0.6382289572815865
172	172	4.62051338601267E-7	2.084237358177906E-6	1.2148631763960138E-6	1.3720972532593514E-4	0.013397932978060696	0.9610451530320098	0.025406966386137608	4.832841621984649E-6	5.136625998524452E-7	1.6714671435174242E-6	1.9587552273914792E-6
173	173	3.880651202493434E-7	1.7504977336024212E-6	1.0203325588489607E-6	9.090097143278049E-6	0.00950112579466192	0.9686627538063274	0.021816332083021087	4.058980265827028E-6	4.3141210061799584E-7	1.4038225708976164E-6	1.6451084962934463E-6
174	174	3.87859266179166E-7	3.7307345684024876E-4	1.0197913104882768E-6	0.16514212275362422	8.035311669504365E-7	0.806198653051443	0.016500132365809744	4.0568271282094204E-6	4.3118325259171897E-7	1.403077895390989E-6	0.011777916102262977
175	175	4.774696782003081E-7	2.153786944357391E-6	1.2554023361282354E-6	0.09607042445873326	9.891777795776985E-7	0.8905904395676258	0.013324983863035487	4.994110267113375E-6	5.308031722135738E-7	1.7272428677592502E-6	2.024117560024782E-6
176	176	5.776146641330707E-7	2.6055244537586725E-6	1.518711725250902E-6	0.02481906156267905	1.1966489538608363E-6	0.893080284282004	0.052064100828208226	6.0415801385654365E-6	6.421343805423539E-7	2.0895165797700226E-6	0.03002188159621274
177	177	4.6030604362938054E-7	0.01334844804559769	1.2102743040864722E-6	0.0018364651982827153	9.536197395397494E-7	0.9189497707397878	0.04583419147575098	4.814586650127394E-6	5.117223549535071E-7	1.6651535524561247E-6	0.020021508877936016
178	178	2.9242809219963894E-7	0.029877175959061406	7.688758613545667E-7	0.1289489683948936	6.058256348727332E-7	1.0906908693077546E-6	0.09718859004759266	3.058661532500329E-6	3.2509239030423443E-7	1.0578563616606741E-6	0.7439780661677101
179	179	2.9444179481915887E-7	0.014619287827204985	7.741704530076776E-7	0.07796934851046247	6.099974388151626E-7	0.005759688366223175	0.10043511601815265	3.07972392323677E-6	3.273310240586643E-7	1.0651409153112093E-6	0.8012104084724075
180	180	6.524550661373848E-7	0.06380538884455893	1.7154882323311613E-6	0.006707847445094658	1.3516964177256986E-6	0.012049049137181977	0.009552671730578995	6.8243758575594215E-6	7.253344759774473E-7	2.360251155145417E-6	0.9078714132413804
181	181	3.0803725566293245E-7	0.05885597820054119	8.099167508005459E-7	2.1786185676830858E-4	6.381632645917214E-7	0.007879322199452907	2.1780885443731255E-6	3.221926106298839E-6	3.424451016075907E-7	1.1143223897554493E-6	0.9330382248438245
182	182	5.121516522270149E-7	2.310231607283035E-6	1.3465910193107525E-6	0.1107536812304286	1.0610287046216064E-6	0.015481930625772543	0.13659203678435444	5.3568675488393825E-6	0.0011913401603284826	1.852704640542882E-6	0.735968571623943
183	183	6.036022689200922E-7	2.722750251460375E-6	1.5870404616074697E-6	0.10807568758862673	1.250487684095313E-6	0.004460099757757823	0.12416360279970098	6.313398370822064E-6	6.71024807911852E-7	2.1835265390782618E-6	0.7632852780235304
184	184	2.0280765112650826E-7	9.148318545765616E-7	0.7905983037534167	0.1464302367060792	4.2015824497765666E-7	0.0051876414244145285	0.013454050194881585	2.121273494387499E-6	2.2546132138253314E-7	7.336551092744167E-7	0.044325149733532195
185	185	4.151207799189137E-7	1.8725413506692436E-6	0.9056149627411262	0.09436934105911461	8.60009064626899E-7	1.5483069390213399E-6	2.935261234316426E-6	4.341969854293924E-6	4.61489884893365E-7	1.50169621048229E-6	1.759804441053015E-6
186	186	4.4687597172226094E-8	2.0157837818523218E-7	0.9459813558977352	0.054016954412213276	9.257965513558912E-8	1.6667466466858897E-7	3.1597977740359133E-7	4.674114358248622E-7	4.9679214033082096E-8	1.6165703712109808E-7	1.894422919012457E-7
187	187	4.0328606308769804E-8	0.80808180581793	1.0603527068704406E-7	0.19191674519095445	8.354909864084921E-8	1.5041661128388898E-7	2.851579599442438E-7	4.218184232853145E-7	4.483332269461282E-8	1.4588842138844826E-7	1.7096340129615897E-7
188	188	3.1029882631043307E-7	0.7863457874657493	8.158630573490432E-7	0.21364306361829166	6.428485787249349E-7	1.1573446793978028E-6	2.1940797955255572E-6	3.2455810810671987E-6	3.449592903167109E-7	1.1225036040799963E-6	1.3154370463008433E-6
189	189	5.3637805501464185E-8	0.7349958168404931	1.4102890592998202E-7	0.24799037141072974	1.1112187384829112E-7	2.0005692431975064E-7	1.5443255386727203E-4	5.610264429145893E-7	5.962916308752E-8	0.01685802530925256	2.273845417910717E-7
190	190	5.662086071994685E-7	0.6447558202494761	1.4887219873173263E-6	0.33578676309436334	1.1730189338062767E-6	2.1118304789073333E-6	4.003582223885617E-6	4.705535052263319E-4	6.29454263920865E-7	0.01897449002958883	2.4003048503298212E-6
191	191	4.45524836953186E-7	0.8996778300252826	1.1714103463540521E-6	0.08470731313466794	9.229973945679221E-7	1.6617072185490462E-6	3.150244088212772E-6	0.003477841272952519	4.95290083437457E-7	0.012127279698019945	1.8886951089819795E-6
192	192	1.356370868617163E-7	0.9113569438442471	3.5662812422696185E-7	0.07977097207965682	2.8100044575809323E-7	5.058957607895628E-7	9.590709553941702E-7	1.4187007029444676E-6	1.5078778666611587E-7	0.008867701354512146	5.750007211813548E-7
193	193	4.257069783628807E-7	1.920293945315531E-6	1.1193036113984328E-6	0.13689125752824433	8.81940577242406E-7	0.019739042428725165	0.8186707082269421	4.452696555386209E-6	4.7325856460705917E-7	1.5399917014712592E-6	0.02468817862415469
194	194	7.834708842704975E-7	3.5341079001838252E-6	2.0599657387856343E-6	0.0422365567927455	1.6231229438225017E-6	0.015754384310823433	0.9399499336982495	8.194740243752637E-6	8.709847969304733E-7	2.834199863861379E-6	0.002039224605809813
195	195	3.633788806769018E-7	1.639142179681575E-6	9.554254783694689E-7	0.2733981216056112	7.528149550527315E-7	0.07584075624804919	0.6331572009916128	3.800773707098852E-6	4.0396840131447893E-7	1.3145202901873262E-6	0.017594691130834523
196	196	1.009282833642237E-6	4.55270834884459E-6	2.653688988051371E-6	0.26091240131919363	2.090939378833777E-6	0.09731941286544787	0.6400818342941328	1.0556627974602813E-5	1.1220200029817482E-6	3.6510728441043755E-6	0.0016607151808546757
197	197	3.5909574471550276E-7	0.15475471331033197	9.441639069286131E-7	0.04381664997543677	7.439415477697906E-7	1.3393461860055551E-6	0.15804616172678443	0.19021598418153612	3.992068378914318E-7	1.2990260789761463E-6	0.45316140602560845
198	198	3.0693811400320555E-7	0.14000115893660253	8.07026797636278E-7	9.114765134526313E-5	6.358861639588433E-7	1.1448099800113947E-6	0.18592690817894414	0.1625876560698318	3.412231855230046E-7	1.1103462533030234E-6	0.5113887829327819
199	199	2.881411464472513E-7	1.2997571734595238E-6	0.06348727403176152	0.17821036664763404	0.7039482337812245	1.0747015279480514E-6	0.05434586493758798	3.0138220782395804E-6	3.203265915355004E-7	1.042348368560061E-6	1.2215049057939892E-6
200	200	6.205590192928131E-7	0.05415105207770459	1.631624536791667E-6	0.3025827513815097	0.6014882258449962	0.007471039074692743	0.03429262322606484	6.490758075531432E-6	6.89875631952029E-7	2.2448674523945814E-6	2.6307103159237427E-6
201	201	2.951787769401822E-7	0.02398150115251016	7.761081866872376E-7	0.2352467266853098	0.6798424581601651	0.02478868371957009	0.03605308295460366	8.382874436469599E-5	3.281503272847421E-7	1.067806942433605E-6	1.2513392431604998E-6
202	202	3.923338129056617E-7	1.7697531019167116E-6	1.0315561547706E-6	0.15867660308899378	0.8351376460621287	1.463316688345958E-6	2.7741377633721123E-6	4.103628801211357E-6	4.361576074148232E-7	0.006172116760358277	1.6632045894245747E-6
203	203	6.820282909805279E-8	3.0765170980763166E-7	1.7932445742518988E-7	1.5975935728244304E-6	1.412963505921863E-7	2.543811793137133E-7	0.999996126506343	7.133698004208563E-7	7.582110381467842E-8	2.467232067272638E-7	2.8912944700715187E-7
204	204	6.272131129890631E-7	0.20716618715442378	1.6491200242592169E-6	0.13057478747407864	0.02504962259362713	2.3393635348146924E-6	0.5740571020437493	0.06314205990713294	6.972729897392058E-7	2.2689385848727114E-6	2.658918741529734E-6
205	205	8.407685759305801E-7	0.24136617682129657	2.2106175167916214E-6	0.10695967397591476	1.741827033315428E-6	3.1358772752322443E-6	0.6009396372424225	0.05071904247785983	9.34682656464347E-7	3.041473820255795E-6	3.564235628265741E-6
206	206	6.948671038222696E-7	3.1344308646296573E-6	1.8270014312221416E-6	0.11453314848757243	1.4395617779358605E-6	2.5916976711111233E-6	4.913308539383736E-6	7.267986001871925E-6	0.8854395232611432	2.5136763734220455E-6	2.9457215210641446E-6
207	207	3.8672523935551015E-8	1.7444537519468545E-7	1.0168096343973138E-7	0.05924959725168082	8.011817944423567E-8	1.442397973201398E-7	2.734480320724245E-7	4.0449657362472154E-7	0.9407488818064784	1.3989755621278794E-7	1.63942839435321E-7
208	208	3.6704541897459166E-7	1.6556813290288512E-6	9.650658407936822E-7	0.25301471501297385	7.604109519874813E-7	1.3689966790999046E-6	2.595327050985005E-6	3.839123988579084E-6	0.7469708495512611	1.327783964119295E-6	1.5560005415913444E-6
209	209	1.987718389238535E-7	8.966269715676149E-7	5.226271789280502E-7	0.20710294046358627	4.117972203185372E-7	7.413741551264905E-7	1.4054879964836785E-6	2.0790607799940125E-6	0.7928892420894047	7.190555898474957E-7	8.426452777497647E-7
210	210	3.4273454732921707E-7	1.546018997897973E-6	9.011457083740625E-7	0.0704138372630197	7.10045923312966E-7	0.8926363120873194	2.42342826257203E-6	3.5848436033946943E-6	0.036937649652580264	1.2398395739817752E-6	1.4529404637610877E-6
211	211	1.1008393286053612E-7	4.965704592430081E-7	1.5345268621503855E-5	0.05718460934145242	2.280617707172662E-7	0.9035156410898875	7.783881614159146E-7	1.1514266233936279E-6	0.0392807748670284	3.9822777564627027E-7	4.666742868771693E-7
212	212	5.923071579546414E-7	0.0035670217343950947	0.7391991289912291	0.2342078665830406	1.2270875116969285E-6	2.2091721904943272E-6	4.188121442371529E-6	0.0230124539250775	6.584680299535869E-7	2.1426665625261183E-6	2.510943362651397E-6
213	213	3.216561497927487E-7	1.4509378241716385E-6	0.7713544953149252	0.20597752353776985	0.014166052209054257	1.1997049359954468E-6	2.2743858485006563E-6	0.008493797495947981	3.575852299470381E-7	1.1635886339306975E-6	1.3635836804119056E-6
214	214	4.874650653268295E-7	2.1988744866240395E-6	0.596622483221082	0.3175560360593762	1.0098853036263438E-6	1.818134816868109E-6	0.08580649589576839	5.098657357224909E-6	5.419150468236185E-7	1.7634011033771647E-6	2.0664905933832474E-6
215	215	1.9121863247689342E-7	8.625557034300936E-7	0.6978500760157489	0.21586605826787186	3.961491816618049E-7	7.132023976057675E-7	0.08627798759769198	2.000057761396954E-6	2.1257780617117106E-7	6.917319239481254E-7	8.106252804560925E-7
216	216	3.3605548637345724E-7	1.5158908558527984E-6	0.6584874632243828	0.08806959350108888	6.962088589138506E-7	0.12602695323479035	0.1274069130035032	3.5149837391629753E-6	3.7359297637319874E-7	1.2156781226354855E-6	1.4246261954792018E-6
217	217	2.514218471695091E-7	0.18431095616153978	6.610588875087947E-7	0.3442113592341938	5.208726666327144E-7	9.377468183359846E-7	0.10542974686808668	2.6297553240628904E-6	2.795057364572259E-7	9.095165874391029E-7	0.36604174785831206
218	218	6.202431721068773E-7	0.8538882126278036	1.6307940855333215E-6	0.09205363805687561	0.011622813060274443	2.313367226379917E-6	4.385653108693774E-6	0.04233599490446899	8.551819674905339E-5	2.243724877642472E-6	2.6293713579447843E-6
219	219	2.6197039812923703E-7	0.8763032527242348	6.887940005897443E-7	0.06195422216525862	0.02242940430349626	9.77090535725312E-7	1.852356208998717E-6	0.03923533342236537	2.9123256345236576E-7	9.476758889450331E-7	7.276826504916041E-5
220	220	3.8609789561349457E-7	0.8868679754043598	1.0151601709125323E-6	0.0737781496189099	7.998821213571507E-7	1.4400581224497592E-6	0.03163314826622235	0.001641004956391462	0.006073047080733472	1.3967061509935137E-6	1.6367689218414232E-6
221	221	1.1964165191682866E-7	0.8526931227155519	3.1457161820361E-7	0.05737150001766385	1.6610868139952333E-5	4.462363938875458E-7	0.05169158055136325	1.2513959095043807E-6	0.0231701488866234	4.3280275040540525E-7	0.015054472312333731
222	222	6.9387796605348E-7	3.1299690273447853E-6	1.824400709286517E-6	0.24874775700449794	1.4375125732502023E-6	0.7050107297492181	4.906314483945958E-6	7.257640081885296E-6	7.71384325175462E-7	2.5100981751942274E-6	0.046218982048941794
223	223	8.202078906558539E-7	3.699822475035552E-6	2.1565576811522575E-6	0.23996625714202566	1.6992312959624116E-6	0.7296036095446168	5.799575790912803E-6	1.2075619859502211E-4	9.118253370051392E-7	2.967095700307171E-6	0.030291322798591504
224	224	4.0671559334684663E-7	0.7613994236527275	1.0693699083718758E-6	0.15459192760448517	8.425959718800846E-7	0.08399555256743348	2.8758293303847443E-6	4.254055520728738E-6	4.5214583667586026E-7	1.4712905130702372E-6	1.724172679471983E-6
225	225	4.679574193236596E-8	0.7445562814266885	1.2303919269633809E-7	0.13233604149295966	9.69471156217159E-8	0.11591885374826832	3.3088617546917257E-7	0.00718780597852094	5.20228391411423E-8	1.6928323448483525E-7	1.9837926323763957E-7
226	226	9.107238253614139E-7	0.12007684490320929	0.048330425535032445	0.20167876119660538	1.8867538872313035E-6	0.562875489638027	0.06701798772036409	9.525746690105252E-6	1.0124519264436241E-6	3.2945363939822806E-6	3.860794038681619E-6
227	227	7.796280749040162E-7	0.11899951097831338	2.049861910047944E-6	0.13746076797921694	1.6151617646942185E-6	0.6343283285571618	0.10919180123081565	8.154546249059529E-6	8.667127447037672E-7	2.8202985307014783E-6	3.3050452180536333E-6
228	228	7.742618439335093E-7	3.4925674385515274E-6	2.0357525766092835E-6	0.03485703631573409	1.6040445007537842E-6	2.887822155797339E-6	5.474697691964029E-6	0.017798174956045885	0.008790005703413333	2.800886231672369E-6	0.9385357129923673
229	229	9.801928449873065E-7	4.421488209352906E-6	2.5772032102466014E-6	0.23247924819632515	2.030673414942447E-6	3.6558983719614287E-6	6.9308071270427945E-6	0.013147920309964863	1.0896806546153873E-6	3.5458400351502802E-6	0.7543475997098418
230	230	1.800628493159017E-7	8.122338060966548E-7	4.7343597300906784E-7	0.18012331085099803	3.730376557985633E-7	6.715938409785738E-7	1.2731993359637771E-6	0.06760195315338836	2.0017591897133725E-7	6.513759646509404E-7	0.7522701008802687
231	231	5.101149751091363E-7	2.3010444928197836E-6	1.3412360212271864E-6	0.13542929119703728	0.08107006846273787	0.6354378390505993	3.6069519617269237E-6	5.335564855559402E-6	5.670949577409271E-7	1.8453369768222376E-6	0.14804729394538452
232	232	4.577413381721334E-7	0.03574884421656807	1.20353097069901E-6	0.21098558498551045	0.017530017024203186	0.5839701108416387	3.236625267333605E-6	4.787761026551804E-6	5.088711711932492E-7	1.6558757503020058E-6	0.15175359252655524
233	233	8.111990839961218E-7	0.026963318668445244	2.1328709897397597E-6	0.18540826501213437	1.6805676786162644E-6	0.619853303502075	5.735875773387955E-6	0.0030040024846444604	9.01810244170619E-7	2.934506411896868E-6	0.16475691350251914
234	234	4.887031573222308E-7	0.00661920266315799	1.2849383183620499E-6	0.23548300980284745	0.1000580458962529	0.5568322473608331	3.4555519794893995E-6	5.111607222374819E-6	5.432914340344847E-7	1.7678798915941407E-6	0.10099484230490528
235	235	7.122633748717264E-7	3.2129025732584587E-6	1.8727411301234942E-6	0.17808944083304534	1.475601772840865E-6	0.10082612657602442	0.05845342471757497	7.449942887982567E-6	7.918233892013757E-7	2.5766072493868543E-6	0.6626129159909776
236	236	4.966366140532771E-7	0.053729648985044766	0.005978564924098398	0.09822886848457696	0.05664914378936869	0.010665826011471759	3.5116483473978316E-6	0.08660752852237308	5.521110600583425E-7	1.7965791099550343E-6	0.6881340623079348
237	237	6.265144459608346E-7	2.8261033019894894E-6	1.6472830317559026E-6	0.225712585437535	1.297955025887318E-6	2.336757664282066E-6	0.1140529941697339	6.553049062427003E-6	6.96496281412297E-7	2.266411162302142E-6	0.660216169822755
238	238	5.592362705038891E-7	0.010633931186062878	1.4703897493228734E-6	0.10724500471596779	1.1585742876938843E-6	2.085825234628626E-6	0.12880461630303913	5.849350708075734E-6	6.217031153040474E-7	2.023032882969576E-6	0.7533026796826816
239	239	3.2147230156475145E-7	0.009190498168827489	0.3669472333339366	0.538512126593284	6.659967574404768E-7	1.199019223545228E-6	2.273085883279104E-6	0.004663836586276036	3.573808458215485E-7	1.1629235643879458E-6	0.08068032543909993
240	240	5.345030009511674E-7	2.411054853802709E-6	0.3791828468021898	0.4734227795414599	0.017253241550597535	1.9935757141863003E-6	3.7793962967216787E-6	0.0255182806587286	5.942071327585539E-7	1.93356047166939E-6	0.10461160514955406
241	241	6.116816289377188E-7	2.759194911549193E-6	0.4805316519356683	0.337824271764647	1.2672257593439194E-6	0.01765406402698069	4.325115629034803E-6	6.397904710508009E-6	6.800066346594189E-7	2.2127535614498277E-6	0.16397175838986844
242	242	6.06405654338618E-7	2.7353958605746148E-6	0.5857796872342296	0.26408293560953033	1.256295480255375E-6	2.2617564041425623E-6	4.2878099472594805E-6	8.927887973121617E-5	6.741413322505275E-7	2.193667764146166E-6	0.1500340828040659
243	243	5.97486078241758E-7	2.695161124373084E-6	0.6155701379455352	0.1268376270890812	9.001166481109944E-4	2.2284883958135293E-6	8.594099826556672E-5	6.249425867316873E-6	6.64225437057226E-7	2.1614012666068727E-6	0.2565915811308377
244	244	4.85716424060475E-7	0.028168460001734754	0.6517448273376042	0.0973975812135587	0.011493375459820244	1.8116127790961516E-6	3.434433204461593E-6	0.0010015285636729087	5.399710818482026E-7	1.7570754071215106E-6	0.21018619861471258
245	245	2.941220000112909E-7	0.9713013163544154	7.733296223388226E-7	0.0286881159566932	6.093349173349303E-7	1.0970087636308369E-6	2.0796957091894853E-6	3.0763790186150507E-6	3.2697550808304554E-7	1.0639840600672943E-6	1.2468592922097705E-6
246	246	1.556960762680849E-7	0.9731815452239745	4.0936886004927367E-7	0.026216627172619866	3.2255681573817856E-7	5.807112698895953E-7	1.1009052765177199E-6	5.978620124151878E-4	1.7308737069086756E-7	5.63229351622472E-7	6.600359695908853E-7
247	247	2.903494781946152E-7	0.5972819504118555	7.63410599376777E-7	0.35291106645523973	6.01519353489927E-7	1.0829381075978885E-6	2.0530207327012835E-6	3.0369201989291955E-6	3.227815945447364E-7	0.0030190231242190136	0.046779809068620996
248	248	2.485332637543389E-7	0.6330173489335456	6.534639877003409E-7	0.3100046402343058	5.148883650965142E-7	6.890917010436247E-5	1.7573441027903904E-6	2.5995420880193166E-6	2.762944974823131E-7	0.004045839791697673	0.05285721180404188
249	249	4.148616896105647E-7	0.74374067663019	1.0907882910393233E-6	0.19746249794098344	8.594723051474515E-7	1.5473405905713096E-6	2.9334292428212456E-6	7.986895248893526E-4	4.612018541265112E-7	0.031208118312481988	0.026782710497482067
250	250	5.212056429528769E-7	0.797808699553468	1.370396512366088E-6	0.1558382164655691	1.0797859301616291E-6	1.9439795661365067E-6	3.685372529810194E-6	5.4515680714208555E-6	5.794244562247133E-7	0.027802499816523576	0.018535952431730177
251	251	2.124235022718398E-7	9.582073726487496E-7	5.58521248942499E-7	4.975840832914012E-6	4.400794812759297E-7	7.922917822686422E-7	1.5020170071901764E-6	2.221850815052012E-6	2.3615126573819177E-7	7.684403764160105E-7	0.9999873341763152
252	252	8.170001827217579E-7	3.685353033759599E-6	2.148123713053467E-6	1.9137538107637388E-5	1.6925858615889816E-6	3.0472265260652297E-6	5.776894534744899E-6	8.545441076265607E-6	9.082593272150085E-7	2.9554918416665436E-6	0.9999512860857951
253	253	3.330855361429886E-7	1.5024939003521162E-6	8.757757388501823E-7	7.802246897673204E-6	6.900559890907771E-7	0.005422292335676944	0.37697032800916186	3.4839194441595624E-6	3.7029128188740185E-7	1.2049343506487232E-6	0.6175911168520224
254	254	3.487504549958029E-7	0.27965191489322777	9.631192885257959E-5	0.0457977526856426	7.225091276994891E-7	0.012927318603134123	0.19441740591506357	9.904273282099511E-5	3.877059764725808E-7	1.2616020734338335E-6	0.46700753267362577
255	255	4.719657954125565E-8	2.1289598371446064E-7	1.240931077271415E-7	0.0834439214162549	0.916554267710577	1.760326033692473E-7	3.337204423898982E-7	4.936542218723572E-7	5.246845042088495E-8	1.7073326143459671E-7	2.0007851761946775E-7
256	256	2.1969992639420089E-7	9.910301213841652E-7	5.776530184745524E-7	5.146284912210432E-6	0.9999864241062981	8.194312041065819E-7	1.5534675890063488E-6	2.2979588195525823E-6	2.442404684307663E-7	7.947627843969985E-7	9.313648578205509E-7
257	257	3.257692042553817E-7	1.469491134271748E-6	8.565390405571906E-7	7.630868012737403E-6	0.9999798697789258	1.215045702040238E-6	2.3034686839134175E-6	3.4073940230370545E-6	3.621577137212578E-7	1.1784675766356367E-6	1.3810199829526946E-6
258	258	1.9209779936638533E-7	8.665214802216925E-7	5.050792481705648E-7	4.499728437661188E-6	0.9999618571207345	7.164814919354323E-7	2.763089759471469E-5	2.009253437247758E-6	2.1355517624335327E-7	6.949123033706862E-7	8.143522964750373E-7
259	259	2.5407782247290326E-7	1.1461031388538146E-6	6.680421950418462E-7	5.95155804455516E-6	0.9999842997966978	9.476530075489593E-7	1.7965489054773873E-6	2.657535587684815E-6	2.824583849304784E-7	9.191245575557051E-7	1.0771016580963084E-6
260	260	3.071057096526346E-7	0.1092482345181852	0.021295752700826738	7.193691440766673E-6	0.0664475856597952	1.1454350740069578E-6	0.6811884077834516	8.721591130051439E-5	0.017557120714333758	1.1109525292685148E-6	0.10416592552735332
261	261	4.063539371130547E-7	1.8329955691451414E-6	1.068419012217613E-6	9.518497206184857E-6	8.418467257464638E-7	1.5156085914409748E-6	0.8375290728449467	0.02645829612523163	4.517437833415602E-7	1.4699822244418319E-6	0.13599552558277211
262	262	5.065807239376811E-7	2.285102068873929E-6	1.3319434789366845E-6	1.1866224896859776E-5	1.0494873675963935E-6	1.8894319147318341E-6	0.834175997606218	0.02279954483968305	5.631659297442615E-7	1.8325518505462088E-6	0.14300313306586768
263	263	4.882136862487461E-7	2.202251392093669E-6	1.283651360975696E-6	0.004885749820787589	1.0114362276223515E-6	1.8209270041643616E-6	4.040806248231852E-4	0.010688534056263202	0.9597729669485869	1.7661092337717684E-6	0.02424009596063422
264	264	4.3776264662134826E-7	1.9746750758586485E-6	1.1510013605671622E-6	1.0254219655014947E-5	9.069164023129845E-7	1.6327559982436299E-6	6.296675391119735E-5	0.030060019178621306	0.969857217344166	1.583602988148136E-6	1.855789174904348E-6
265	265	2.5735088412637524E-7	0.005210325188577765	6.766479964857165E-7	6.028226744815781E-6	5.331559002699433E-7	9.598607897537076E-7	1.8196922686952934E-6	2.6917702868810267E-6	0.775461828831033	9.309648327706771E-7	0.2193139483106855
266	266	5.383994646921209E-7	2.4286311588909386E-6	1.4156039149801735E-6	1.2611551980749186E-5	1.1154065091994146E-6	0.009280039591124365	3.8069476492990516E-6	5.6314074321160315E-6	0.7850987863657211	1.9476558991139384E-6	0.20559167843914553
267	267	5.879727850237323E-7	2.652248228190739E-6	0.018899107313099243	0.06716042698382688	8.163326270937236E-5	0.5965218109637176	4.1574736948854765E-6	6.14992125476581E-6	0.12046255546950181	2.1269870019740433E-6	0.1968587914041802
268	268	1.4634417766675576E-7	6.601344412684289E-7	0.6773688587430404	0.1682497238882289	3.0318241205213404E-7	5.458307960663137E-7	1.034779303645195E-6	4.156074087052062E-5	1.6269086245077218E-7	5.293989307671879E-7	0.1543364742669362
269	269	2.3210716347791416E-7	6.676826184646059E-4	0.9320841871272378	5.436913944518641E-6	4.808582807992284E-7	8.657074017822282E-7	0.0359364756432006	6.591683953060002E-5	2.5803359729973295E-7	8.396458685798884E-7	0.0312376245053099
270	270	5.332555708927678E-7	2.4054279026130398E-6	0.9591256182213725	1.2491060620173463E-5	1.1047498629679592E-6	0.006128248078730636	0.013496127049644101	5.5776047007402546E-6	5.928203644204913E-7	1.9290479030817458E-6	0.021225372683327703
271	271	4.717094111028789E-7	2.1278033298225015E-6	0.5810159944152427	0.0034303012227183695	9.772441878181415E-7	0.23199477024620996	0.10774202509224505	4.933860558354868E-6	5.243994817014608E-7	1.7064051460887887E-6	0.07580616760146903
272	272	8.255793393242505E-7	3.7240521937852E-6	0.661326830567121	1.9338497593184417E-5	1.710359369449606E-6	0.22514929261283634	0.07283397578888026	8.635175055254964E-6	9.17796777963053E-7	2.986526874318038E-6	0.040651763043959024
273	273	4.41542965071135E-7	0.08074130557397478	1.1609408830747673E-6	0.07332188129671308	0.004892376544354103	3.035889419213432E-4	0.022890332221830158	4.6183335945960274E-6	4.908634353740506E-7	1.597278260900249E-6	0.8178422064620675
274	274	9.060965461339596E-7	0.06506414668518885	3.741541513495206E-4	0.13336336540233967	1.877167515571114E-6	3.37953587887485E-6	0.0280132134194557	9.477347506337743E-6	1.0073077788573133E-6	3.277797247168024E-6	0.7731651950891933
275	275	2.2504189153326903E-7	0.194365719327895	0.025054094346159846	5.27141592635294E-6	4.662210999825133E-7	8.39355529972526E-7	1.591239880701405E-6	2.353833284813159E-6	2.5017913254103913E-7	8.14087301968569E-7	0.7805683749518972
276	276	3.440408191322105E-7	0.18054529806817124	0.028185867819233327	8.05886513365417E-6	7.12752137132617E-7	1.2831947070272819E-6	2.4326647286086283E-6	3.5985065975508035E-6	3.8247027299128683E-7	1.2445650021253588E-6	0.7912507770531972
277	277	2.8973968078651435E-7	0.9618618518369365	7.618072701484577E-7	6.786906906035558E-6	6.002560312860732E-7	1.0806637007167291E-6	2.0487089401354315E-6	0.038123981564291046	3.2210368259889816E-7	1.0481310541680087E-6	1.2282815066424467E-6
278	278	3.6176078440878177E-7	0.94590031589239	0.007867772531221943	8.473940329374028E-6	7.494627319761271E-7	1.3492861833496466E-6	2.5579601357908766E-6	0.046165697868312414	4.021695632494055E-7	1.3086668394530457E-6	5.101046150819645E-5
279	279	2.931550158302972E-7	1.3223739110471767E-6	7.707871484284494E-7	6.866908240102582E-6	6.073316084156133E-7	0.9194337810199044	4.216673094903411E-5	3.066264814830133E-6	3.2590051150381464E-7	1.0604860022719745E-6	0.08050973904189418
280	280	4.840443635992974E-7	2.183444265486084E-6	1.2726890368048314E-6	1.1338329721430974E-5	1.002798608294838E-6	0.920397052804251	3.42261029775457E-6	5.06287841167471E-6	5.381122517749061E-7	1.7510267413362464E-6	0.07957589126205075
281	281	5.938947946088509E-7	0.4170122860825195	1.5615167760528772E-6	1.3911483135647137E-5	1.2303766313459636E-6	0.20834456847618288	8.542443643809272E-5	1.686620407905477E-4	6.602330060575215E-7	2.148409825842676E-6	0.37436895304989937
282	282	6.434406125603432E-7	0.29207925659308626	1.691786693581742E-6	0.1443372235396132	0.0010573487636938634	0.13974848315815797	0.010300703169254598	0.08035192783776866	7.153131054634054E-7	2.3276414390554252E-6	0.3321196787565747
283	283	2.8036294425426287E-7	1.2646709866319646E-6	7.371531874175558E-7	0.24134585574396633	5.808301706584031E-7	1.0456905870096878E-6	1.9824073417117327E-6	2.93246570901818E-6	3.1167956202418395E-7	1.0142107822897294E-6	0.7586439947847626
284	284	4.6694968033578105E-7	2.106332969603039E-6	1.2277422971809016E-6	0.14951471793324556	9.673834152360335E-7	1.7416170551108223E-6	3.301736172623762E-6	4.884075993223411E-6	5.191080877022001E-7	1.6891868568543566E-6	0.8504683779342265
285	285	2.1005567840368135E-7	9.475265098283087E-7	5.522955727344713E-7	0.2341720846302513	4.3517404148933564E-7	7.834603329584772E-7	1.4852744543089348E-6	2.1970844811242576E-6	2.3351895529452366E-7	7.59874791887581E-7	0.7658203111049305
286	286	3.540531118521767E-7	1.5970751750992197E-6	1.4619903603310203E-4	0.1924885664780421	7.334946846354203E-7	1.3205383020572983E-6	2.503460256342234E-6	3.7032305122894283E-6	3.93600941554201E-7	1.2807843935967988E-6	0.8073533482485474
287	287	3.1580721631634037E-7	1.4245542502295497E-6	8.303461669525401E-7	0.03732523502850047	6.54260354684466E-7	1.1778897325041491E-6	2.2330288542814063E-6	0.011837895184913981	3.510829689970951E-7	1.1424301623200952E-6	0.9508287403868793
288	288	6.026073310825908E-7	2.7182622510224526E-6	1.584424489656728E-6	0.04254111973718308	1.2484264633605698E-6	2.247589514556592E-6	4.260952532386158E-6	0.007423803719154224	6.699187352450145E-7	2.179927359146741E-6	0.9500195644349861
